leg,site,hole,core,coretype,section,observer,top interval,piece number top,sub piece top,bottom interval,piece number bottom,sub piece bottom,lithology,color,color number,structures,drilling deformities,unusual occurrences,minerals,paleontology,other,induration,more data available,code,latitude,longitude,depth,top interval depth below sea floor,bottom interval depth below sea floor
108,668,A,001,Hydraulic (Advanced) Piston Core,01,STE,000,,,060,,,"foram-bearing, muddy nanno ooze alternating w/ muddy foram-nanno ooze & muddy foram-bearing nanno ooze","light brownish gray (0-4cm), yellowish brown (4-27cm), brown (27-60cm)","10yr 6/2, 10yr 5/4, 10yr 5/3",minor bioturbation (50-60cm),,,,"forams, nannos",,,,H,4.76867,-20.92700,0000.00,0,60
108,668,A,001,Hydraulic (Advanced) Piston Core,01,STE,060,,,065,,,nannofossil ooze,dark gray,10yr 4/1,minor bioturbation,,,,nannos,,,,H,4.76867,-20.92700,0000.00,60,65
108,668,A,001,Hydraulic (Advanced) Piston Core,01,STE,065,,,130,,,"foram-bearing, muddy nanno ooze alternating w/ muddy foram-nanno ooze & muddy foram-bearing nanno ooze","grayish brown (65-75cm), yellowish brown (75-97cm), light brownish gray (97-115cm), light yellowish brown (rest)","10yr 5/2, 10yr 5/6, 10yr 6/2, 10yr 6/4","minor bioturbation (65-80,112-122cm)",,,,"forams, nannos",,,,H,4.76867,-20.92700,0000.00,65,130
108,668,A,001,Hydraulic (Advanced) Piston Core,01,STE,130,,,150,,,"foram-bearing, muddy nannofossil ooze alternating w/ muddy foram-nanno ooze & muddy foram-bearing nannofossil ooze","light brownish gray (130-142cm), brownish yellow (142-150cm)","10yr 6/4, 10yr 6/6","minor bioturbation (140-150cm), scoured sharp contact? (142cm)",,,,"forams, nannos",sharp scoured contact? (142cm),,,H,4.76867,-20.92700,0000.00,130,150
108,668,A,001,Hydraulic (Advanced) Piston Core,02,STE,000,,,070,,,"foram-bearing, muddy nanno ooze alternating w/ muddy foram-nanno ooze & muddy, foram-bearing nanno ooze","brownish yellow (rest), pale brown (12-20cm), light brownish gray (53-70cm), very pale brown blebs (39-41cm)","10yr 6/6, 10yr 6/3, 10yr 6/2, 10yr 6/4, 10yr 7/3","minor bioturbation (5-25,35-55,65-70cm)",,,,"forams, nannos",,,,H,4.76867,-20.92700,0001.50,150,220
108,668,A,001,Hydraulic (Advanced) Piston Core,02,STE,070,,,095,,,"foram-bearing, muddy nannofossil ooze alternating w/ muddy foram-nanno ooze & muddy foram-bearing nannofossil ooze",light yellowish brown w/ dark gray layer? @ 76-77cm,10yr 6/4,"minor bioturbation (70-85cm), layer? (76-77cm)",,,,"forams, nannos",,,,H,4.76867,-20.92700,0001.50,220,245
108,668,A,001,Hydraulic (Advanced) Piston Core,02,STE,095,,,102,,,nannofossil ooze,dark gray,10yr 4/1,minor bioturbation,,,,nannos,,,,H,4.76867,-20.92700,0001.50,245,252
108,668,A,001,Hydraulic (Advanced) Piston Core,02,STE,102,,,140,,,"foram-bearing, muddy nanno ooze alternating w/ muddy foram-nanno ooze & muddy, foram-bearing nanno ooze","gray (102-112cm), light yellowish brown (112-140cm), 1mm thick greenish laminae (120,126-134cm)","10yr 5/1 (102-112cm), 10yr 6/4 (112-140cm)","mottling, laminae (120,126-134cm), minor bioturbation (95-102,110-124cm)",,,,"forams, nannos",,,,H,4.76867,-20.92700,0001.50,252,290
108,668,A,001,Hydraulic (Advanced) Piston Core,02,STE,140,,,150,,,"foram-bearing muddy nannofossil ooze alternating w/ muddy foram-nanno ooze & muddy, foram-bearing nanno ooze",gray with a dark gray layer at 145-146cm,10yr 5/1,"minor bioturbation, layer (145-146cm)",,,,"nannos, forams",,,,H,4.76867,-20.92700,0001.50,290,300
108,668,A,001,Hydraulic (Advanced) Piston Core,03,STE,000,,,110,,,"foram-bearing, muddy nanno ooze, muddy foram-nanno ooze & muddy, foram-bearing nanno ooze; voids (60-80,100-110cm)","gray/light gray (rest), light brownish gray (10-25cm), light yellowish brown (53-100cm)","10yr 6/1, 10yr 6/2, 10yr 6/4","mottling, minor bioturbation (0-15,45-60cm)",highly disturbed (80-95cm),,,"forams, nannos",,,,H,4.76867,-20.92700,0003.00,300,410
108,668,A,001,Hydraulic (Advanced) Piston Core,03,STE,110,,,120,,,"foram-bearing, muddy nanno ooze, muddy foram-nanno ooze & muddy foram-bearing nanno ooze",grayish brown w/ a dark grayish brown patch @ 118-120cm,2.5y 5/2 w/ 2.5y 4/2 patch @ 118-120cm,mottling,,,,"forams, nannos",,,,H,4.76867,-20.92700,0003.00,410,420
108,668,A,001,Hydraulic (Advanced) Piston Core,04,STE,000,,,150,,,"foram-bearing, muddy nanno ooze alternating w/ muddy foram-nanno ooze & muddy, foram-bearing nanno ooze, void (20-80cm)","dark gray?(0-14,134-138cm),grayish brown w/dark gray? layer? @ ~16cm(14-20,138-150cm),light brownish gray(80-134cm)","2.5y 4/1, 2.5y 5/2 w/ 2.5y 4/1 @ ~16cm (14-20cm), 10yr 6/2, 10yr 5/2 (138-150cm)","minor bioturbation (80-100,130-145cm), inclined layer? (~16cm)","highly disturbed (0-13cm), soupy (105-121cm)",,,"forams, nannos",,,,H,4.76867,-20.92700,0004.50,450,600
108,668,A,001,Hydraulic (Advanced) Piston Core,05,STE,000,,,120,,,"coarse grained, graded, mud-bearing foraminifer nannofossil ooze? void (57-64cm)","pale brown(0-10,17-27cm),dark grayish brown(27-57, 64-120cm)","10yr 6/3 (0-10,17-27cm), 10yr 4/2 (27-57,64-120cm)",fining upward sequence/normal graded bedding (30-90cm),"soupy (10-17,90-120cm)",,,"forams, nannos",concave contact (27cm),,,H,4.76867,-20.92700,0006.00,600,720
108,668,A,001,Hydraulic (Advanced) Piston Core,05,STE,120,,,150,,,"coarse grained, mud-bearing foram-nanno ooze? (130-150cm); void (120-130cm)","light yellowish brown (130-137cm), grayish brown (137-150cm)","10yr 6/4 (130-137cm), 10yr 5/2 (137-150cm)",,soupy,,,"forams, nannos",concave contact (137cm),,,H,4.76867,-20.92700,0006.00,720,750
108,668,A,001,Hydraulic (Advanced) Piston Core,06,STE,000,,,100,,,"foram-bearing, muddy nanno ooze alternating w/ muddy foram-nanno ooze & muddy, foram-bearing nanno ooze",light yellowish brown,10yr 6/4,,"soupy (0-15cm), highly disturbed (20-100cm)",,,"forams, nannos",,,,H,4.76867,-20.92700,0007.50,750,850
108,668,A,001,Hydraulic (Advanced) Piston Core,CC,STE,000,,,030,,,"foram-bearing, muddy nanno ooze alternating w/ muddy foram-nanno ooze & muddy, foram-bearing nanno ooze","gray/light gray (0-3cm), light gray (3-14cm), light brownish gray (14-30cm)","10yr 6/1, 10yr 7/2, 10yr 6/2",minor bioturbation (23-30cm),highly disturbed,,,"forams, nannos",,,,H,4.76867,-20.92700,0008.49,848,878
