leg,site,hole,core,coretype,section,observer,top interval,piece number top,sub piece top,bottom interval,piece number bottom,sub piece bottom,lithology,color,color number,structures,drilling deformities,unusual occurrences,minerals,paleontology,other,induration,more data available,code,latitude,longitude,depth,top interval depth below sea floor,bottom interval depth below sea floor
101,635,A,001,Rotary,01,HAR,000,,,062,,,med- to fine-grained grainstone,white,10yr 8/2,normal graded bedding,slightly disturbed,,,"forams, pteropods, homotrema, halimeda, skeletal debris, echinoid","forams include miliolids, echinoids as plates; turbidite",unlithified,,R,25.41883,-77.33200,0000.00,0,62
101,635,A,001,Rotary,01,HAR,062,,,100,,,calcareous ooze,light gray with a concave-down pale brown band at about 86 cm,10yr 7/2 grading down to 10yr 7/1 with 10yr 6/3 band between,banding,slightly disturbed,,,,inclined lower contact (98-102 cm),unlithified,,R,25.41883,-77.33200,0000.00,62,100
101,635,A,001,Rotary,01,HAR,100,,,115,,,med to crs sand-sized grainstone,white,10yr 8/2,,slightly disturbed,,,"forams, pteropods, homotrema, halimeda, skeletal debris, echinoid","forams include miliolids, echinoid plates; inclined upper & lower contacts (98-102 cm & 113-118 cm)",unlithified,,R,25.41883,-77.33200,0000.00,100,115
101,635,A,001,Rotary,01,HAR,115,,,150,,,calcareous ooze with grainstone sands mixed in below about 138 cm,white (115-132 cm) grading down to light gray mixed with white (132-150 cm),10yr 8/1 (115-132 cm) grading to 10yr 7/1 mixed w/ 10yr 8/2,mottling,"slightly disturbed (115-138cm), highly disturbed (138-150cm)",,,,inclined upper contact (113-118 cm),unlithified,,R,25.41883,-77.33200,0000.00,115,150
101,635,A,001,Rotary,02,MUL,000,,,035,,,calcareous ooze (0-8 cm) overlying crs sand-sized grainstone (8-35 cm),white,"10yr 8/1 (0-8 cm), 10yr 8/2 (8-35 cm)",,slightly disturbed,,,"homotrema,plank & miliolid forams,echinoid spines,skeletal debris","turbidite (grainstone, 8-35 cm)",unlithified,,R,25.41883,-77.33200,0001.50,150,185
101,635,A,001,Rotary,02,MUL,035,,,045,,,calcareous ooze (35-40 cm) overlying grainstone (40-45 cm),white,10yr 8/1,,"moderately disturbed (35-40cm), slightly disturbed (40-45cm)",,,,"turbidite (grainstone, 40-45 cm)",unlithified,,R,25.41883,-77.33200,0001.50,185,195
101,635,A,001,Rotary,02,MUL,045,,,100,,,calcareous ooze (45-52 cm) overlying very crs to med sand-sized grainstone (52-100 cm),white,"10yr 8/1 (45-52 cm), 10yr 8/2 (52-100 cm)",normal graded bedding (52-100 cm),moderately disturbed,,,"pteropods, homotrema, halimeda, forams, skeletal debris","turbidite (grainstone, 52-100 cm)",unlithified,,R,25.41883,-77.33200,0001.50,195,250
101,635,A,001,Rotary,02,MUL,100,,,110,,,calcareous ooze,light gray grading down to pale brown,10yr 7/1 grading down to 10yr 6/3,mottling,moderately disturbed,,,,,unlithified,,R,25.41883,-77.33200,0001.50,250,260
101,635,A,001,Rotary,CC,HAR,000,,,010,,,grainy calcareous ooze (wackestone ?),pale brown,10yr 6/3,"mottling, minor bioturbation, burrows",highly disturbed,,,,,unlithified,,R,25.41883,-77.33200,0002.61,260,270
101,635,A,002,Rotary,01,MUL,000,,,042,,,calcareous ooze with some med to crs sand-sized grainstone along side (5-25 cm),pale brown (0-33 cm) grading down to white (33-42 cm); light gray along side (5-25 cm),10yr 6/3 (0-33 cm) - 10yr 8/1 (33-42 cm); some 10yr 7/2,,moderately disturbed,,,,,unlithified,,R,25.41883,-77.33200,0002.70,270,312
101,635,A,002,Rotary,01,MUL,042,,,073,,,crs- to very crs-grained grainstone (42-47 cm) overlying calcareous ooze (47-73 cm),"white with some light gray ""swirled"" streaks (52-65 cm)","10yr 8/1 with some 7.5yr 7/2 ""swirled"" streaks (52-65 cm)",,moderately disturbed,,,,,unlithified,,R,25.41883,-77.33200,0002.70,312,343
101,635,A,002,Rotary,01,MUL,073,,,140,,,med to very crs sand-sized grainstone with some calcareous ooze over 83-92 cm,"white with light brownish gray ""mud balls"" at 105 cm & 132 cm","10yr 8/1 and 10yr 8/2 with two 10yr 6/2 ""mud balls""",normal graded bedding (~92-140 cm),moderately disturbed,,,"homotrema, halimeda, forams, pteropods, skeletal debris","mud balls (clasts, at 105 cm & 132 cm)",unlithified,,R,25.41883,-77.33200,0002.70,343,410
101,635,A,002,Rotary,01,MUL,140,,,150,,,interstitial water sample,,,,,,,,,,,R,25.41883,-77.33200,0002.70,410,420
101,635,A,002,Rotary,02,MUL,000,,,140,,,med to very crs sand-sized grainstone with some granules mixed with some calcareous ooze,light gray,10yr 7/2,,highly disturbed,,,"homotrema, halimeda, benthic forams, pteropods, echinoid spines","chalk clast (at 97 cm), gradational lower contact",unlithified,,R,25.41883,-77.33200,0004.20,419,559
101,635,A,002,Rotary,02,MUL,140,,,150,,,calcareous ooze,very pale brown,10yr 7/3,,highly disturbed,,,,gradational upper contact,unlithified,,R,25.41883,-77.33200,0004.20,559,569
101,635,A,002,Rotary,03,KUH,000,,,015,,,periplatform calcareous ooze,very pale brown with spots of white,10yr 7/3 with spots of 10yr 8/2,minor bioturbation,highly disturbed,,,,,unlithified,,R,25.41883,-77.33200,0005.70,569,584
101,635,A,002,Rotary,CC,MUL,000,,,023,,,"void (0-7 cm), calcareous ooze (7-23 cm)",white,10yr 8/2,mottling (7-17 cm),highly disturbed,hydrocarbons (tar) below 17 cm,,,lithoclasts & sand below 17 cm,unlithified,,R,25.41883,-77.33200,0005.84,584,607
101,635,A,003,Rotary,01,HAR,000,,,014,,,limestone (lithified mudstone),"white/light gray (0-6 cm), light gray with light yellowish brown stains (6-14 cm)","2.5y 7.5/2 (0-6 cm), 2.5y 7/2 with 2.5y 6/4 stains (6-14 cm)",moderate bioturbation (?) and mottling (6-14 cm),,,"mn & limonite stains, pyrite (marcasite?) clusters (to 3 mm)",forams ?,,lithified,,R,25.41883,-77.33200,0010.60,1060,1074
101,635,A,003,Rotary,CC,HAR,000,,,017,,,"fine-grained dolomite (piece 1, 0-8 cm), recrystallized limestone (piece 2, 8-17 cm)","very dark grayish brown with dark reddish brown blotches (0-8 cm), light gray (8-17 cm)","2.5y 3/2 with 2.5yr 3/4 blotches (0-8 cm),2.5y 7/2 (8-17 cm)","fine burrows [0-8 cm (3x2 mm)]; minor bioturbation, burrow, and mottling (one place over 8-17 cm)",,,,"possible large forams (piece 2, 8-17 cm)","carbonate inclusions (piece 1, 0-8 cm)",lithified,,R,25.41883,-77.33200,0010.73,1072,1089
