leg,site,hole,core,coretype,section,observer,top interval,piece number top,sub piece top,bottom interval,piece number bottom,sub piece bottom,lithology,color,color number,structures,drilling deformities,unusual occurrences,minerals,paleontology,other,induration,more data available,code,latitude,longitude,depth,top interval depth below sea floor,bottom interval depth below sea floor
101,626,C,001,Extended Core Barrel,CC,HAR,000,,,020,,,rudstone,"white, with pale yellow and light gray mixed","2.5y 8/2, with 2.5y 8/4 and 5y 7/2 mixed",,drilling breccia,,,"ahermatypic coral, planktonic forams, and skeletal debris","lithoclasts of grainstone and skeletal debris (up to 6 cm), coral fragments bored",unlithified,,X,25.60033,-79.54667,0000.00,0,20
101,626,C,002,Extended Core Barrel,01,MUL,000,,,137,,,grainstone,white,2.5y 8/2 to 5y 8/2,normal graded bedding (possibly a drilling artifact),soupy,,glauconite,"75% forams, skeletal debris",,unlithified,,X,25.60033,-79.54667,0006.90,690,827
101,626,C,002,Extended Core Barrel,CC,MUL,000,,,010,,,grainstone,white,2.5y 8/2 to 5y 8/2,,soupy,,glauconite,"75% forams, skeletal debris",,unlithified,,X,25.60033,-79.54667,0008.27,827,837
101,626,C,002,Extended Core Barrel,CC,MUL,010,,,026,,,grainstone fragments,light gray,10yr 7/1 to 10yr 8/1,parallel laminae (in fragments),moderately to highly fragmented,,,"planktonic forams, skeletal debris",,lithified,,X,25.60033,-79.54667,0008.27,837,853
101,626,C,003,Extended Core Barrel,01,KUH,000,,,150,,,med sand-sized grainstone,white,5y 8/2,,soupy,,glauconite,forams (about 95%) and skeletal debris,,unlithified,,X,25.60033,-79.54667,0016.50,1650,1800
101,626,C,003,Extended Core Barrel,02,HAR,000,,,150,,,med to crs grainstone,white,2.5y 8/2,,soupy,,glauconite (about 1%),"forams (90%-95%), skeletal debris, and pteropods",,unlithified,,X,25.60033,-79.54667,0018.00,1800,1950
101,626,C,003,Extended Core Barrel,03,KUH,000,,,140,,,med to crs grainstone,white,2.5y 8/2,normal graded bedding,highly disturbed,,,forams (about 80%) and skeletal debris,,unlithified,,X,25.60033,-79.54667,0019.50,1950,2090
101,626,C,003,Extended Core Barrel,03,KUH,140,,,150,,,interstitial water sample,,,,,,,,,,,X,25.60033,-79.54667,0019.50,2090,2100
101,626,C,003,Extended Core Barrel,04,MUL,000,,,046,,,med to crs grainstone,white,2.5y 8/2,,highly disturbed,,glauconite (<1%),"forams (about 75%), skeletal debris (about 15%)",lithoclasts/intraclasts (about 10%),unlithified,,X,25.60033,-79.54667,0021.00,2100,2146
101,626,C,003,Extended Core Barrel,CC,FUL,000,,,031,,,grainstone,white,2.5y 8/2,,highly disturbed,,,"planktonic forams (mostly), pteropods, echinoid spines, halimeda",,unlithified,,X,25.60033,-79.54667,0021.46,2145,2176
101,626,C,004,Extended Core Barrel,01,DRO,000,,,150,,,packstone,light gray,10yr 7/1,,highly disturbed,,glauconite,"plank forams, nannos (coccolith,discoasters), skeletal debris",,unlithified,,X,25.60033,-79.54667,0025.50,2550,2700
101,626,C,004,Extended Core Barrel,02,DRO,000,,,112,,,med to crs grainstone,light gray,2.5y 7/2,normal graded bedding (possibly a drilling artifact),highly disturbed,,glauconite,"forams (planktonic, some benthic), skeletal debris",,unlithified,,X,25.60033,-79.54667,0027.00,2700,2812
101,626,C,004,Extended Core Barrel,CC,FUL,000,,,010,,,crs grainstone,light gray,2.5y 7/2,normal graded bedding (possibly a drilling artifact),highly disturbed,,glauconite (trace in forams),"planktonic forams, pteropods, skeletal debris",,unlithified,,X,25.60033,-79.54667,0028.12,2812,2822
101,626,C,005,Extended Core Barrel,01,FRE,000,,,073,,,packstone,light gray,10yr 7/1,normal graded bedding (possibly a drilling artifact),highly disturbed,,,"nannos, forams",,unlithified,,X,25.60033,-79.54667,0035.10,3509,3582
101,626,C,005,Extended Core Barrel,CC,FUL,000,,,036,,,crs grainstone,light gray,2.5y 7/2,normal graded bedding (possibly a drilling artifact),highly disturbed,,glauconite (in forams),"planktonic forams, pteropods, halimeda",,unlithified,,X,25.60033,-79.54667,0035.83,3583,3619
101,626,C,006,Extended Core Barrel,01,FRE,000,,,040,,,packstone,light gray,10y 7/1,normal graded bedding (probably due to drilling),soupy,,,"forams, nannos, skeletal debris",,unlithified,,X,25.60033,-79.54667,0044.70,4470,4510
101,626,C,006,Extended Core Barrel,01,FRE,040,,,090,,,med grainstone,light gray,2.5y 7/2,normal graded bedding,highly disturbed,,,"planktonic forams, skeletal debris",,unlithified,,X,25.60033,-79.54667,0044.70,4510,4560
101,626,C,006,Extended Core Barrel,01,FRE,090,,,100,,,packstone; with thin crs grainstone at 94 cm,light gray,10y 7/1,normal graded bedding (probably a drilling artifact),highly disturbed,,,"forams, nannos, skeletal debris, possible bivalve (oyster, 94 cm)",grainstone at 94 cm contains ahermatypic coral & possibly oyster,unlithified,,X,25.60033,-79.54667,0044.70,4560,4570
101,626,C,006,Extended Core Barrel,01,FRE,100,,,106,,,med grainstone,light gray,10y 6/1,,highly disturbed,,,"planktonic forams, skeletal debris",,unlithified,,X,25.60033,-79.54667,0044.70,4570,4576
101,626,C,006,Extended Core Barrel,CC,FUL,000,,,031,,,rudstone and grainstone,light gray,2.5y 7/2,,highly disturbed,,glauconite (about 1%),"plank forams,skeletal debris (fragments <5 mm),pteropods,halimeda",chalk clasts,unlithified,,X,25.60033,-79.54667,0045.75,4575,4606
101,626,C,007,Extended Core Barrel,CC,FUL,000,,,006,,,volcanic ash,light gray,5y 6/1,,highly disturbed,,,,,soft,,X,25.60033,-79.54667,0054.30,5429,5435
101,626,C,009,Extended Core Barrel,01,FUL,000,,,038,,,med- to crs-grained packstone,light gray,"5y 7/2, with a 2.5y 7/2 (clast-shaped) zone at top",normal graded bedding (probably a drilling artifact),highly disturbed,,glauconite or pyrite filling forams,"planktonic forams, nannos, bioclasts",,unlithified,,X,25.60033,-79.54667,0073.40,7340,7378
101,626,C,009,Extended Core Barrel,CC,FRE,000,,,012,,,med and-sized packstone,light gray,5y 7/2,normal graded bedding (probably a drilling artifact),highly disturbed,,glauconite or pyrite filling forams,"forams, nannos, bioclasts",,unlithified,,X,25.60033,-79.54667,0073.78,7377,7389
101,626,C,009,Extended Core Barrel,CC,FRE,012,,,031,,,crs sand-sized grainstone,light gray,5y 7/2,normal graded bedding (probably a drilling artifact), highly disturbed,,,"forams, bioclasts",,unlithified,,X,25.60033,-79.54667,0073.78,7389,7408
101,626,C,011,Extended Core Barrel,CC,FUL,000,,,015,,,med- to crs-grained packstone,light gray,2.5y 7/2,,highly disturbed,,glauconite or pyrite filling some forams,"plank forams,skeletal debris,halimeda,pteropods,nannos in matrix",,unlithified,,X,25.60033,-79.54667,0092.70,9269,9284
101,626,C,013,Hydraulic (Advanced) Piston Core,01,HAR,000,,,020,,,packstone,white,5y 8/2,normal graded bedding (possibly a drilling artifact),soupy,,glauconite,"planktonic forams, skeletal debris",possible downhole contamination,unlithified,,H,25.60033,-79.54667,0112.10,11209,11229
101,626,C,013,Hydraulic (Advanced) Piston Core,01,HAR,020,,,150,,,rudstone,white,2.5y 8/2,normal graded bedding (possibly a drilling artifact),highly disturbed,,glauconite,"aherm coral,halimeda,bivalves,echinoids,pteropods,red algae,...","gastropods,skeletal debris,forams;possible downhole contamination",unlithified,,H,25.60033,-79.54667,0112.10,11229,11359
101,626,C,013,Hydraulic (Advanced) Piston Core,02,MUL,000,,,150,,,rudstone,white,10yr 8/1,normal graded bedding (possibly a drilling artifact),highly disturbed,,,"aherm coral, echinoids, bivalves, gastropods, pteropods, halimeda",possible downhole contamination,unlithified,,H,25.60033,-79.54667,0113.60,11359,11509
101,626,C,013,Hydraulic (Advanced) Piston Core,03,MUL,000,,,150,,,rudstone,white (0-85 cm) and light gray (85-150 cm),"10yr 8/1 (0-85 cm), 10yr 7/1 (85-150 cm)",normal graded bedding (possibly a drilling artifact),,,,"aherm coral, echinoids, bivalves, gastropods, pteropods, halimeda",possible downhole contamination,unlithified,,H,25.60033,-79.54667,0115.10,11509,11659
101,626,C,013,Hydraulic (Advanced) Piston Core,04,HAR,000,,,019,,,rudstone,white to very pale brown,2.5y 8/2 to 10yr 7/3,normal graded bedding (may be real),,,,ahermatypic coral,lithoclasts of foram grainstone; possible downhole contamination,unlithified,,H,25.60033,-79.54667,0116.60,11659,11678
101,626,C,013,Hydraulic (Advanced) Piston Core,04,HAR,019,,,056,,,packstone,white,2.5y 8/2,,,,,"planktonic forams, skeletal debris",,unlithified,,H,25.60033,-79.54667,0116.60,11678,11715
101,626,C,013,Hydraulic (Advanced) Piston Core,CC,MUL,000,,,009,,,packstone,light gray,10yr 7/1,,moderately disturbed,,,planktonic forams,,unlithified,,H,25.60033,-79.54667,0117.16,11716,11725
101,626,C,014,Hydraulic (Advanced) Piston Core,01,MUL,000,,,048,,,rudstone,white,2.5y 8/2,normal graded bedding,highly disturbed,,,"ahermatypic coral, gastropods, skeletal debris","lithoclasts up to 4 cm across, possible downhole contamination",unlithified,,H,25.60033,-79.54667,0121.70,12169,12217
101,626,C,014,Hydraulic (Advanced) Piston Core,01,MUL,048,,,150,,,packstone,white,2.5y 8/2,,moderately disturbed,,,planktonic forams,possible downhole contamination,unlithified,,H,25.60033,-79.54667,0121.70,12217,12319
101,626,C,014,Hydraulic (Advanced) Piston Core,02,HAR,000,,,050,,,packstone,white,2.5y 8/2,,soupy,,,"planktonic forams, skeletal debris",possible downhole contamination,unlithified,,H,25.60033,-79.54667,0123.20,12319,12369
101,626,C,014,Hydraulic (Advanced) Piston Core,02,HAR,050,,,055,,,foram-nanno chalk,light gray,5y 7/2,,moderately disturbed,,,"30% forams, 45% nannos",,partly lithified,,H,25.60033,-79.54667,0123.20,12369,12374
101,626,C,014,Hydraulic (Advanced) Piston Core,02,HAR,055,,,124,,,packstone,white,2.5y 8/2,,soupy,,,"planktonic forams, skeletal debris",possible downhole contamination,unlithified,,H,25.60033,-79.54667,0123.20,12374,12443
101,626,C,014,Hydraulic (Advanced) Piston Core,02,HAR,124,,,136,,,foram-nanno chalk,light gray,5y 7/2,,moderately disturbed,,,"30% forams, 45% nannos",,partly lithified,,H,25.60033,-79.54667,0123.20,12443,12455
101,626,C,014,Hydraulic (Advanced) Piston Core,02,HAR,136,,,150,,,packstone,white,2.5y 8/2,,slightly disturbed,,,"planktonic forams, skeletal debris",possible downhole contamination,unlithified,,H,25.60033,-79.54667,0123.20,12455,12469
101,626,C,014,Hydraulic (Advanced) Piston Core,03,MUL,000,,,150,,,packstone,light gray,2.5y 7/2,,moderately disturbed,,,planktonic forams,possible downhole contamination,unlithified,,H,25.60033,-79.54667,0124.70,12469,12619
101,626,C,014,Hydraulic (Advanced) Piston Core,04,MUL,000,,,150,,,packstone,white,2.5y 8/2,,soupy,,glauconite fill in some forams,"planktonic forams, skeletal debris, nannos",possible downhole contamination,unlithified,,H,25.60033,-79.54667,0126.20,12619,12769
101,626,C,014,Hydraulic (Advanced) Piston Core,05,KUH,000,,,140,,,packstone,white,2.5y 8/2,,soupy,,glauconite fill in some forams,"planktonic forams, skeletal debris",possible downhole contamination,unlithified,,H,25.60033,-79.54667,0127.70,12769,12909
101,626,C,014,Hydraulic (Advanced) Piston Core,05,KUH,140,,,150,,,interstitial water sample,,,,,,,,,,,H,25.60033,-79.54667,0127.70,12909,12919
101,626,C,014,Hydraulic (Advanced) Piston Core,06,HAR,000,,,150,,,packstone,white,2.5y 8/2,,soupy to highly disturbed,,glauconite fill in some forams,"planktonic forams, skeletal debris, nannos","lithoclasts, possible downhole contamination",unlithified,,H,25.60033,-79.54667,0129.20,12919,13069
101,626,C,014,Hydraulic (Advanced) Piston Core,07,HAR,000,,,021,,,med to crs sand-sized packstone,white,2.5y 8/2,,slightly disturbed,,,"planktonic forams, skeletal debris, nannos",possible downhole contamination,unlithified,,H,25.60033,-79.54667,0130.70,13069,13090
101,626,C,014,Hydraulic (Advanced) Piston Core,CC,HAR,000,,,008,,,med to fine sand-sized packstone,white,2.5y 8/2,,slightly disturbed,,,"planktonic forams, skeletal debris, nannos","micrite; 60% grains, 40% fines; possible downhole contamination",unlithified,,H,25.60033,-79.54667,0130.91,13091,13099
101,626,C,015,Hydraulic (Advanced) Piston Core,01,MUL,000,,,150,,,packstone,white,2.5y 8/2,,soupy,hydrogen sulfide odor,glauconite,"planktonic forams, nannos",lithified clasts (up to 2 mm) of foram packstone,unlithified,,H,25.60033,-79.54667,0131.30,13130,13280
101,626,C,015,Hydraulic (Advanced) Piston Core,02,HAR,000,,,150,,,packstone,white,2.5y 8/2,,soupy,hydrogen sulfide odor,glauconite,"forams, nannos",lithified clasts (up to 3 mm) of foram packstone,unlithified,,H,25.60033,-79.54667,0132.80,13280,13430
101,626,C,015,Hydraulic (Advanced) Piston Core,03,FUL,000,,,150,,,packstone,white,2.5y 8/2,,soupy,hydrogen sulfide odor,glauconite,"planktonic forams, nannos",lithified clasts (up to 5 mm) of bioclastic packstone,unlithified,,H,25.60033,-79.54667,0134.30,13430,13580
101,626,C,015,Hydraulic (Advanced) Piston Core,04,FRE,000,,,150,,,packstone,white,2.5y 8/2,,soupy,hydrogen sulfide odor,glauconite,"planktonic forams, nannos",lithified clasts (1-5 mm) of bioclastic packstone,unlithified,,H,25.60033,-79.54667,0135.80,13580,13730
101,626,C,015,Hydraulic (Advanced) Piston Core,05,FUL,000,,,140,,,packstone,white,2.5y 8/2,,soupy,hydrogen sulfide odor,glauconite,"forams, nannos",lithified clasts (up to 1 cm) of bioclastic packstone,unlithified,,H,25.60033,-79.54667,0137.30,13730,13870
101,626,C,015,Hydraulic (Advanced) Piston Core,05,FUL,140,,,150,,,interstitial water sample,,,,,,,,,,,H,25.60033,-79.54667,0137.30,13870,13880
101,626,C,015,Hydraulic (Advanced) Piston Core,06,FUL,000,,,150,,,packstone,white,2.5y 8/2,,soupy,hydrogen sulfide odor,glauconite,"forams, nannos",lithified clasts (up to 1 cm) of bioclastic packstone,unlithified,,H,25.60033,-79.54667,0138.80,13880,14030
101,626,C,015,Hydraulic (Advanced) Piston Core,07,DRO,000,,,067,,,packstone,white,2.5y 8/2,,slightly disturbed,hydrogen sulfide odor,glauconite,"forams, nannos",lithified clasts (up to 2 cm) of bioclastic packstone,unlithified,,H,25.60033,-79.54667,0140.30,14030,14097
101,626,C,015,Hydraulic (Advanced) Piston Core,CC,FRE,000,,,008,,,packstone,white,2.5y 8/2,,highly disturbed,hydrogen sulfide odor,glauconite,"forams, nannos",lithified clasts (1 mm) of bioclastic packstone,unlithified,,H,25.60033,-79.54667,0140.97,14097,14105
101,626,C,016,Hydraulic (Advanced) Piston Core,01,FRE,000,,,150,,,packstone,white and minor light gray,2.5y 8/2 and 2.5y 7/2,,soupy,hydrogen sulfide odor,"glauconite, pyrite",planktonic forams,lithoclasts of foram/bioclastic packstone (1 mm - 2 cm),unlithified,,H,25.60033,-79.54667,0140.80,14080,14230
101,626,C,016,Hydraulic (Advanced) Piston Core,02,FRE,000,,,150,,,packstone,white,2.5y 7/2,,soupy,hydrogen sulfide odor,"glauconite, pyrite","planktonic forams, bioclasts",lithoclasts of foram/bioclastic packstone,unlithified,,H,25.60033,-79.54667,0142.30,14230,14380
101,626,C,016,Hydraulic (Advanced) Piston Core,03,FUL,000,,,150,,,packstone,white and minor light gray,2.5y 8/2 and 2.5y 7/2,,soupy,hydrogen sulfide odor,,"planktonic forams, nannos",lithoclasts of foram/bioclastic packstone (up to 2 cm),unlithified,,H,25.60033,-79.54667,0143.80,14380,14530
101,626,C,016,Hydraulic (Advanced) Piston Core,04,FRE,000,,,030,,,packstone,white and minor light gray,2.5y 8/2 and 2.5y 7/2,,soupy,hydrogen sulfide odor,glauconite,"forams, nannos",lithoclasts of foram/bioclastic packstone,unlithified,,H,25.60033,-79.54667,0145.30,14530,14560
101,626,C,016,Hydraulic (Advanced) Piston Core,04,FRE,030,,,100,,,floatstone,white,2.5y 8/2,,soupy,,glauconite,forams,lithoclasts of foram-skeletal packstone (2 mm - 4 cm),unlithified,,H,25.60033,-79.54667,0145.30,14560,14630
101,626,C,016,Hydraulic (Advanced) Piston Core,04,FRE,100,,,150,,,packstone,white and minor light gray,2.5y 8/2 and 2.5y 7/2,,soupy,hydrogen sulfide odor,glauconite,"forams, nannos",lithoclasts of foram/bioclastic packstone,unlithified,,H,25.60033,-79.54667,0145.30,14630,14680
101,626,C,016,Hydraulic (Advanced) Piston Core,05,DRO,000,,,120,,,floatstone,white,2.5y 8/2,,soupy,,,"planktonic forams, bioclasts","encrusted clasts, silty clasts",unlithified,,H,25.60033,-79.54667,0146.80,14680,14800
101,626,C,016,Hydraulic (Advanced) Piston Core,05,DRO,120,,,150,,,organic geochemistry sample,,,,,,,,,,,H,25.60033,-79.54667,0146.80,14800,14830
101,626,C,016,Hydraulic (Advanced) Piston Core,06,FUL,000,,,150,,,floatstone,white,2.5y 8/2,,soupy,,glauconite,"forams, shell fragments","lithoclasts of foram-skeletal packstone, some moldic porosity (at 80 cm)",unlithified,,H,25.60033,-79.54667,0148.30,14830,14980
101,626,C,016,Hydraulic (Advanced) Piston Core,07,DRO,000,,,022,,,floatstone,"white, with some light gray","2.5y 8/2, with some 2.5y 7/2",,soupy,,glauconite,"forams, skeletal debris",lithoclasts of foram-skeletal packstone,unlithified,,H,25.60033,-79.54667,0149.80,14980,15002
101,626,C,016,Hydraulic (Advanced) Piston Core,07,DRO,022,,,025,,,volcanic ash,dark grayish brown,2.5y 4/2,,,,altered glass particles,,,soft,,H,25.60033,-79.54667,0149.80,15002,15005
101,626,C,016,Hydraulic (Advanced) Piston Core,07,DRO,025,,,050,,,floatstone,"white, with some light gray and light gray/gray","2.5y 8/2, with some 2.5y 7/2 and 2.5y 6/0",,soupy,,glauconite,"forams, skeletal debris",lithoclasts of foram-skeletal packstone,partly lithified,,H,25.60033,-79.54667,0149.80,15005,15030
101,626,C,016,Hydraulic (Advanced) Piston Core,07,DRO,050,,,063,,,floatstone,white,2.5y 8/2,,soupy,,"glauconite, pyrite","forams, skeletal debris",lithoclasts of foram-skeletal packstone,unlithified,,H,25.60033,-79.54667,0149.80,15030,15043
101,626,C,016,Hydraulic (Advanced) Piston Core,CC,FRE,000,,,014,,,grainstone,white,2.5y 8/2,,drilling breccia,,,"forams, bioclasts (skeletal debris)",lithoclasts of foram-skeletal packstone and grainstone,unlithified,,H,25.60033,-79.54667,0150.43,15042,15056
101,626,C,017,Hydraulic (Advanced) Piston Core,01,FUL,000,,,010,,,void,,,,,,,,,,,H,25.60033,-79.54667,0150.40,15039,15049
101,626,C,017,Hydraulic (Advanced) Piston Core,01,FUL,010,,,150,,,floatstone,"white, minor pale olive","2.5y 8/2, some 10yr 8/2, minor 5y 6/3",normal graded bedding,slightly disturbed,hydrogen sulfide odor,glauconite,"planktonic forams, bioclasts","micrite, unlithified mudstone (40-45 cm), lithoclasts up to 5 cm",unlithified,,H,25.60033,-79.54667,0150.40,15049,15189
101,626,C,017,Hydraulic (Advanced) Piston Core,02,FRE,000,,,150,,,floatstone,"white, with minor light olive gray","2.5y 8/2, some 10yr 8/2 & 5y 6/2",normal graded bedding,slightly disturbed,hydrogen sulfide odor,glauconite,"planktonic forams, bioclasts","micrite, lithoclasts up to 5 cm",unlithified,,H,25.60033,-79.54667,0151.90,15189,15339
101,626,C,017,Hydraulic (Advanced) Piston Core,03,DRO,000,,,150,,,floatstone,light gray,2.5y 7/2,normal graded bedding,slightly disturbed,hydrogen sulfide odor,glauconite,"planktonic forams, bioclasts, nannos, shell fragments","micrite, lithoclasts (6-8 cm across)",unlithified,,H,25.60033,-79.54667,0153.40,15339,15489
101,626,C,017,Hydraulic (Advanced) Piston Core,04,FUL,000,,,150,,,floatstone,"white, with minor pale olive","2.5y 8/2, with minor 5y 6/3",normal graded bedding,slightly disturbed,hydrogen sulfide odor,glauconite,"planktonic forams, bioclasts, nannos","micrite, lithoclasts (10 cm across)",unlithified,,H,25.60033,-79.54667,0154.90,15489,15639
101,626,C,017,Hydraulic (Advanced) Piston Core,05,DRO,000,,,120,,,floatstone / rudstone,light gray,2.5y 7/2,,slightly disturbed,,,"forams, bioclasts","angular, porous, fine-grained, foram-skeletal lithoclasts, 6-8 cm",unlithified,,H,25.60033,-79.54667,0156.40,15639,15759
101,626,C,017,Hydraulic (Advanced) Piston Core,05,DRO,120,,,150,,,organic geochemistry sample,,,,,,,,,,,H,25.60033,-79.54667,0156.40,15759,15789
101,626,C,017,Hydraulic (Advanced) Piston Core,06,FUL,000,,,150,,,floatstone / rudstone,white,2.5y 8/2,,slightly disturbed,,glauconite,"forams, bioclasts","angular, porous, fine-grained, foram-skeletal lithoclasts, <10 cm",unlithified,,H,25.60033,-79.54667,0157.90,15789,15939
