leg,site,hole,core,section,top interval depth(cm),bottom interval depth (cm),coredepth(m),sample depth(m),total number of observed fossils,investigators name,publication date (month/year),dsdp initial report volume number,fossil group,group abundance,chemical overgrowth,chemical dissolution,mechanical preservations,age,page number reference,fossil code,fossil,fossil abundance,fossil preservation,record join code,eodp_id,sample
95,612,,17,1,100.0,101.0,136.20,137.21,13,BUKRY,,95,SILICOFLAGELLATES,,,,,NO AGE GIVEN,398,SBACH0010,Bachmannocena apiculata apiculata,COMMON,  ,1,0f0c63f7d3b21ce7dc87c007129fd876,95-612-17-1
95,612,,17,1,100.0,101.0,136.20,137.21,13,BUKRY,,95,SILICOFLAGELLATES,,,,,NO AGE GIVEN,398,SBACH0020,Bachmannocena apiculata monolineata,RARE,  ,1,f090883653062db6d34deeff607e38b2,95-612-17-1
95,612,,17,1,100.0,101.0,136.20,137.21,13,BUKRY,,95,SILICOFLAGELLATES,,,,,NO AGE GIVEN,398,SCORB0010,Corbisema apiculata,COMMON,  ,1,dbb2c9d1a4adc290a97d651ba92709fc,95-612-17-1
95,612,,17,1,100.0,101.0,136.20,137.21,13,BUKRY,,95,SILICOFLAGELLATES,,,,,NO AGE GIVEN,398,SCORB0021,Corbisema archangelskiana (q),COMMON,  ,1,c42ef67dc0bf316abd512522dbd3b83e,95-612-17-1
95,612,,17,1,100.0,101.0,136.20,137.21,13,BUKRY,,95,SILICOFLAGELLATES,,,,,NO AGE GIVEN,398,SCORB0036,Corbisema bimucronata rotatoria,FEW,  ,1,2d0f1eb852c09c979572e1a5721bb1e1,95-612-17-1
95,612,,17,1,100.0,101.0,136.20,137.21,13,BUKRY,,95,SILICOFLAGELLATES,,,,,NO AGE GIVEN,398,SCORB0180,Corbisema hastata hastata,COMMON,  ,1,979389b2289b6dacec5af968332d78f2,95-612-17-1
95,612,,17,1,100.0,101.0,136.20,137.21,13,BUKRY,,95,SILICOFLAGELLATES,,,,,NO AGE GIVEN,398,SCORB0256,Corbisema jerseyensis,COMMON,  ,1,88b45122561c3c5de6035c9fa023b999,95-612-17-1
95,612,,17,1,100.0,101.0,136.20,137.21,13,BUKRY,,95,SILICOFLAGELLATES,,,,,NO AGE GIVEN,398,SCORB0392,Corbisema triacantha triacantha,COMMON,  ,1,1f909c6dbb85cdd5bee2173c0b0426c3,95-612-17-1
95,612,,17,1,100.0,101.0,136.20,137.21,13,BUKRY,,95,SILICOFLAGELLATES,,,,,NO AGE GIVEN,398,SDICT0104,Dictyocha byronalis,RARE,  ,1,cbfbbda19e2aa49488370bdd5bab689f,95-612-17-1
95,612,,17,1,100.0,101.0,136.20,137.21,13,BUKRY,,95,SILICOFLAGELLATES,,,,,NO AGE GIVEN,398,SDICT0706,Dictyocha sp. (fibuloid),COMMON,  ,1,f7054fdad82353d46c4ff1ca3713e1f9,95-612-17-1
95,612,,17,1,100.0,101.0,136.20,137.21,13,BUKRY,,95,SILICOFLAGELLATES,,,,,NO AGE GIVEN,398,SDIST0114,Distephanus crux (s.ampl.),COMMON,  ,2,04fc15c71cdf6dfe3499bd3b3aaae33c,95-612-17-1
95,612,,17,1,100.0,101.0,136.20,137.21,13,BUKRY,,95,SILICOFLAGELLATES,,,,,NO AGE GIVEN,398,SNAVI0020,Naviculopsis biapiculata,RARE,  ,2,741107d79ad695a6d86172d64c339af3,95-612-17-1
95,612,,17,1,100.0,101.0,136.20,137.21,13,BUKRY,,95,SILICOFLAGELLATES,,,,,NO AGE GIVEN,398,SNAVI0060,Naviculopsis constricta,ABUNDANT,  ,2,f1c56b3ef40c1f28f050d515eb9b59ec,95-612-17-1
95,612,,17,3,100.0,101.0,136.20,140.21,19,BUKRY,,95,SILICOFLAGELLATES,,,,,NO AGE GIVEN,398,SBACH0010,Bachmannocena apiculata apiculata,COMMON,  ,1,e74b32b747f5a26079de35494677ac1e,95-612-17-3
95,612,,17,3,100.0,101.0,136.20,140.21,19,BUKRY,,95,SILICOFLAGELLATES,,,,,NO AGE GIVEN,398,SBACH0020,Bachmannocena apiculata monolineata,TRACE,  ,1,e7721b5a9ffef10e9c1f530ececa1fbd,95-612-17-3
95,612,,17,3,100.0,101.0,136.20,140.21,19,BUKRY,,95,SILICOFLAGELLATES,,,,,NO AGE GIVEN,398,SCORB0006,Corbisema amicula,TRACE,  ,1,1fb9427feeba8081798d9b0f810f7e93,95-612-17-3
95,612,,17,3,100.0,101.0,136.20,140.21,19,BUKRY,,95,SILICOFLAGELLATES,,,,,NO AGE GIVEN,398,SCORB0010,Corbisema apiculata,COMMON,  ,1,6030d6d048262d5a4693695062e1e04d,95-612-17-3
95,612,,17,3,100.0,101.0,136.20,140.21,19,BUKRY,,95,SILICOFLAGELLATES,,,,,NO AGE GIVEN,398,SCORB0031,Corbisema bimucronata elegans,FEW,  ,1,003bfa4c1cb34bfc936fdfb6296e7287,95-612-17-3
95,612,,17,3,100.0,101.0,136.20,140.21,19,BUKRY,,95,SILICOFLAGELLATES,,,,,NO AGE GIVEN,398,SCORB0180,Corbisema hastata hastata,TRACE,  ,1,8ffdd9035a7acbb037982564a6505ae5,95-612-17-3
95,612,,17,3,100.0,101.0,136.20,140.21,19,BUKRY,,95,SILICOFLAGELLATES,,,,,NO AGE GIVEN,398,SCORB0184,Corbisema hastata incohata,COMMON,  ,1,bbf4e0ac76dcd8236aaf0ba6cdcfd278,95-612-17-3
95,612,,17,3,100.0,101.0,136.20,140.21,19,BUKRY,,95,SILICOFLAGELLATES,,,,,NO AGE GIVEN,398,SCORB0256,Corbisema jerseyensis,RARE,  ,1,56e2ca8ee39f5d0ae738df7553f636da,95-612-17-3
95,612,,17,3,100.0,101.0,136.20,140.21,19,BUKRY,,95,SILICOFLAGELLATES,,,,,NO AGE GIVEN,398,SCORB0354,Corbisema sp.,RARE,  ,1,c7df89bb732fb98e65ed1ec5d1dd134b,95-612-17-3
95,612,,17,3,100.0,101.0,136.20,140.21,19,BUKRY,,95,SILICOFLAGELLATES,,,,,NO AGE GIVEN,398,SCORB0391,Corbisema triacantha mediana,TRACE,  ,1,9c338ab84fefbb4016eb27571986af7e,95-612-17-3
95,612,,17,3,100.0,101.0,136.20,140.21,19,BUKRY,,95,SILICOFLAGELLATES,,,,,NO AGE GIVEN,398,SCORB0392,Corbisema triacantha triacantha,FEW,  ,2,75550814098c0db0a47588290dc251f4,95-612-17-3
95,612,,17,3,100.0,101.0,136.20,140.21,19,BUKRY,,95,SILICOFLAGELLATES,,,,,NO AGE GIVEN,398,SDICT0023,Dictyocha aspera (s. ampl.),RARE,  ,2,8998379c41045cab277437ee06a09c84,95-612-17-3
95,612,,17,3,100.0,101.0,136.20,140.21,19,BUKRY,,95,SILICOFLAGELLATES,,,,,NO AGE GIVEN,398,SDICT0105,Dictyocha byronalis (q),FEW,  ,2,e3e91263b98d534d353b82ad8ceb1209,95-612-17-3
95,612,,17,3,100.0,101.0,136.20,140.21,19,BUKRY,,95,SILICOFLAGELLATES,,,,,NO AGE GIVEN,398,SDICT0504,Dictyocha perlaevis (s.ampl.),TRACE,  ,2,fb1b5ef0386d486a6e5f725c8c95cefd,95-612-17-3
95,612,,17,3,100.0,101.0,136.20,140.21,19,BUKRY,,95,SILICOFLAGELLATES,,,,,NO AGE GIVEN,398,SDIST0114,Distephanus crux (s.ampl.),TRACE,  ,2,a2eff3b4f4f1f9978036666bcd5cef28,95-612-17-3
95,612,,17,3,100.0,101.0,136.20,140.21,19,BUKRY,,95,SILICOFLAGELLATES,,,,,NO AGE GIVEN,398,SMACR0010,Macrora barbadensis,TRACE,  ,2,ec9b66d85091791c49c1c24b621bb4b8,95-612-17-3
95,612,,17,3,100.0,101.0,136.20,140.21,19,BUKRY,,95,SILICOFLAGELLATES,,,,,NO AGE GIVEN,398,SNAVI0020,Naviculopsis biapiculata,TRACE,  ,2,6bfdb3d02499942eb60ef4d2fa103ef0,95-612-17-3
95,612,,17,3,100.0,101.0,136.20,140.21,19,BUKRY,,95,SILICOFLAGELLATES,,,,,NO AGE GIVEN,398,SNAVI0060,Naviculopsis constricta,COMMON,  ,2,489ca65aa3e90c156779bd9b46afe6cf,95-612-17-3
95,612,,17,3,100.0,101.0,136.20,140.21,19,BUKRY,,95,SILICOFLAGELLATES,,,,,NO AGE GIVEN,398,SNAVI0080,Naviculopsis foliacea,TRACE,  ,2,c8184b3e96a2096869eef6c067635c60,95-612-17-3
95,612,,17,5,100.0,101.0,136.20,143.21,18,BUKRY,,95,SILICOFLAGELLATES,,,,,NO AGE GIVEN,398,SBACH0010,Bachmannocena apiculata apiculata,COMMON,  ,1,22a265e423149388d8b67c8cddeb541c,95-612-17-5
95,612,,17,5,100.0,101.0,136.20,143.21,18,BUKRY,,95,SILICOFLAGELLATES,,,,,NO AGE GIVEN,398,SCORB0008,Corbisema angularis,TRACE,  ,1,7c82a9691f396ab7df4027a578584523,95-612-17-5
95,612,,17,5,100.0,101.0,136.20,143.21,18,BUKRY,,95,SILICOFLAGELLATES,,,,,NO AGE GIVEN,398,SCORB0010,Corbisema apiculata,FEW,  ,1,1e7b44543b761ca47c610c3ddf438862,95-612-17-5
95,612,,17,5,100.0,101.0,136.20,143.21,18,BUKRY,,95,SILICOFLAGELLATES,,,,,NO AGE GIVEN,398,SCORB0020,Corbisema archangelskiana,TRACE,  ,1,7f9123b5e66fbe245d1170a65756f19c,95-612-17-5
95,612,,17,5,100.0,101.0,136.20,143.21,18,BUKRY,,95,SILICOFLAGELLATES,,,,,NO AGE GIVEN,398,SCORB0032,Corbisema bimucronata bimucornata,RARE,  ,1,25db9c5ac69e501ed6223f0227cdc3bb,95-612-17-5
95,612,,17,5,100.0,101.0,136.20,143.21,18,BUKRY,,95,SILICOFLAGELLATES,,,,,NO AGE GIVEN,398,SCORB0036,Corbisema bimucronata rotatoria,TRACE,  ,1,6b472fa811f11f04e614be3407945e24,95-612-17-5
95,612,,17,5,100.0,101.0,136.20,143.21,18,BUKRY,,95,SILICOFLAGELLATES,,,,,NO AGE GIVEN,398,SCORB0195,Corbisema hastata miranda,RARE,  ,1,4f775a89734ec4bee8ed6b5235ac2544,95-612-17-5
95,612,,17,5,100.0,101.0,136.20,143.21,18,BUKRY,,95,SILICOFLAGELLATES,,,,,NO AGE GIVEN,398,SCORB0216,Corbisema inermis ballantina,TRACE,  ,1,84ccde73e6c50a913435e6fa76b87836,95-612-17-5
95,612,,17,5,100.0,101.0,136.20,143.21,18,BUKRY,,95,SILICOFLAGELLATES,,,,,NO AGE GIVEN,398,SCORB0354,Corbisema sp.,TRACE,  ,1,5ed6edcf2ccc80cb6244b283e5d48917,95-612-17-5
95,612,,17,5,100.0,101.0,136.20,143.21,18,BUKRY,,95,SILICOFLAGELLATES,,,,,NO AGE GIVEN,398,SCORB0392,Corbisema triacantha triacantha,FEW,  ,1,6f1e892d7819ce8a7407fede99214e2b,95-612-17-5
95,612,,17,5,100.0,101.0,136.20,143.21,18,BUKRY,,95,SILICOFLAGELLATES,,,,,NO AGE GIVEN,398,SDICT0105,Dictyocha byronalis (q),TRACE,  ,2,7ac218acf5dfbe7bcd41f4d20f8ee55b,95-612-17-5
95,612,,17,5,100.0,101.0,136.20,143.21,18,BUKRY,,95,SILICOFLAGELLATES,,,,,NO AGE GIVEN,398,SDICT0706,Dictyocha sp. (fibuloid),TRACE,  ,2,d755c27ea19040d297cfdb0570c384d3,95-612-17-5
95,612,,17,5,100.0,101.0,136.20,143.21,18,BUKRY,,95,SILICOFLAGELLATES,,,,,NO AGE GIVEN,398,SDIST0114,Distephanus crux (s.ampl.),TRACE,  ,2,fadf6792b2863bb2fffb61f25976fc86,95-612-17-5
95,612,,17,5,100.0,101.0,136.20,143.21,18,BUKRY,,95,SILICOFLAGELLATES,,,,,NO AGE GIVEN,398,SMACR0030,Macrora stella,TRACE,  ,2,a9180742208f0f4616728705efa11475,95-612-17-5
95,612,,17,5,100.0,101.0,136.20,143.21,18,BUKRY,,95,SILICOFLAGELLATES,,,,,NO AGE GIVEN,398,SNAVI0020,Naviculopsis biapiculata,RARE,  ,2,d44ade39c7f2f6b0fbb4ebe426ed188c,95-612-17-5
95,612,,17,5,100.0,101.0,136.20,143.21,18,BUKRY,,95,SILICOFLAGELLATES,,,,,NO AGE GIVEN,398,SNAVI0060,Naviculopsis constricta,ABUNDANT,  ,2,4774bbbe6950d1d305171cedb56cc22f,95-612-17-5
95,612,,17,5,100.0,101.0,136.20,143.21,18,BUKRY,,95,SILICOFLAGELLATES,,,,,NO AGE GIVEN,398,SNAVI0074,Naviculopsis eobiapiculata,RARE,  ,2,20791d2ee6d77a1c3f574bc7d1a42ec4,95-612-17-5
95,612,,17,5,100.0,101.0,136.20,143.21,18,BUKRY,,95,SILICOFLAGELLATES,,,,,NO AGE GIVEN,398,SNAVI0080,Naviculopsis foliacea,FEW,  ,2,8e6e6ae4796caafc50a109e75d7e899c,95-612-17-5
95,612,,18,1,100.0,101.0,145.70,146.71,18,BUKRY,,95,SILICOFLAGELLATES,,,,,NO AGE GIVEN,398,SBACH0010,Bachmannocena apiculata apiculata,TRACE,  ,1,2455713289c66165ca9b8cadc7f4a44f,95-612-18-1
95,612,,18,1,100.0,101.0,145.70,146.71,18,BUKRY,,95,SILICOFLAGELLATES,,,,,NO AGE GIVEN,398,SCORB0006,Corbisema amicula,COMMON,  ,1,f99c314b7a8e492cf5d5fe82d6cd538b,95-612-18-1
95,612,,18,1,100.0,101.0,145.70,146.71,18,BUKRY,,95,SILICOFLAGELLATES,,,,,NO AGE GIVEN,398,SCORB0010,Corbisema apiculata,TRACE,  ,1,6b60ee3c6f6d7a2a972e9b66f6936426,95-612-18-1
95,612,,18,1,100.0,101.0,145.70,146.71,18,BUKRY,,95,SILICOFLAGELLATES,,,,,NO AGE GIVEN,398,SCORB0031,Corbisema bimucronata elegans,TRACE,  ,1,4d9daec1bad6ce5e327f0b1ad30d980e,95-612-18-1
95,612,,18,1,100.0,101.0,145.70,146.71,18,BUKRY,,95,SILICOFLAGELLATES,,,,,NO AGE GIVEN,398,SCORB0032,Corbisema bimucronata bimucornata,PRESENT,  ,1,7dc3586b7147d2a55891074c204de8a3,95-612-18-1
95,612,,18,1,100.0,101.0,145.70,146.71,18,BUKRY,,95,SILICOFLAGELLATES,,,,,NO AGE GIVEN,398,SCORB0180,Corbisema hastata hastata,TRACE,  ,1,fa2f8245ba1cfb53d95e63b3d7e69361,95-612-18-1
95,612,,18,1,100.0,101.0,145.70,146.71,18,BUKRY,,95,SILICOFLAGELLATES,,,,,NO AGE GIVEN,398,SCORB0184,Corbisema hastata incohata,PRESENT,  ,1,131c7bc3eed9eb03b3669e3b9ced5a36,95-612-18-1
95,612,,18,1,100.0,101.0,145.70,146.71,18,BUKRY,,95,SILICOFLAGELLATES,,,,,NO AGE GIVEN,398,SCORB0256,Corbisema jerseyensis,RARE,  ,1,5c6a0ce6c220cb75371b4a0cf6187b55,95-612-18-1
95,612,,18,1,100.0,101.0,145.70,146.71,18,BUKRY,,95,SILICOFLAGELLATES,,,,,NO AGE GIVEN,398,SCORB0391,Corbisema triacantha mediana,RARE,  ,1,3d1a77b7f5a87dafa94a8a6915007c1b,95-612-18-1
95,612,,18,1,100.0,101.0,145.70,146.71,18,BUKRY,,95,SILICOFLAGELLATES,,,,,NO AGE GIVEN,398,SCORB0392,Corbisema triacantha triacantha,COMMON,  ,1,015fb7d7eec6b9259a89b8ab2c7d75fd,95-612-18-1
95,612,,18,1,100.0,101.0,145.70,146.71,18,BUKRY,,95,SILICOFLAGELLATES,,,,,NO AGE GIVEN,398,SDICT0014,Dictyocha acuta,PRESENT,  ,2,0f892c8acb8c8a34a3e4b888c9229958,95-612-18-1
95,612,,18,1,100.0,101.0,145.70,146.71,18,BUKRY,,95,SILICOFLAGELLATES,,,,,NO AGE GIVEN,398,SDICT0023,Dictyocha aspera (s. ampl.),RARE,  ,2,5feca38546adfafaa1f40578493a3f80,95-612-18-1
95,612,,18,1,100.0,101.0,145.70,146.71,18,BUKRY,,95,SILICOFLAGELLATES,,,,,NO AGE GIVEN,398,SDICT0105,Dictyocha byronalis (q),FEW,  ,2,1bb80e5fa60da658fdd0627dc3eae025,95-612-18-1
95,612,,18,1,100.0,101.0,145.70,146.71,18,BUKRY,,95,SILICOFLAGELLATES,,,,,NO AGE GIVEN,398,SDIST0114,Distephanus crux (s.ampl.),TRACE,  ,2,9ee825f5cb168815a6d7bc757344fcfd,95-612-18-1
95,612,,18,1,100.0,101.0,145.70,146.71,18,BUKRY,,95,SILICOFLAGELLATES,,,,,NO AGE GIVEN,398,SMACR0030,Macrora stella,TRACE,  ,2,8034ea2c0d4f45206be7b72df814a547,95-612-18-1
95,612,,18,1,100.0,101.0,145.70,146.71,18,BUKRY,,95,SILICOFLAGELLATES,,,,,NO AGE GIVEN,398,SNAVI0020,Naviculopsis biapiculata,FEW,  ,2,eb3bd96df8cbccd8979f4dc81feb44fe,95-612-18-1
95,612,,18,1,100.0,101.0,145.70,146.71,18,BUKRY,,95,SILICOFLAGELLATES,,,,,NO AGE GIVEN,398,SNAVI0060,Naviculopsis constricta,ABUNDANT,  ,2,c2970d402bc00d0054726c12c0bf661a,95-612-18-1
95,612,,18,1,100.0,101.0,145.70,146.71,18,BUKRY,,95,SILICOFLAGELLATES,,,,,NO AGE GIVEN,398,SNAVI0080,Naviculopsis foliacea,RARE,  ,2,9090d126fdcc66dca687296a1b79bc0d,95-612-18-1
95,612,,18,3,100.0,101.0,145.70,149.71,19,BUKRY,,95,SILICOFLAGELLATES,,,,,NO AGE GIVEN,398,SBACH0010,Bachmannocena apiculata apiculata,TRACE,  ,1,616f104e4c8759ad0acb362a67be0ad2,95-612-18-3
95,612,,18,3,100.0,101.0,145.70,149.71,19,BUKRY,,95,SILICOFLAGELLATES,,,,,NO AGE GIVEN,398,SCORB0010,Corbisema apiculata,RARE,  ,1,1f437fd983a050106f05d5c11d16abce,95-612-18-3
95,612,,18,3,100.0,101.0,145.70,149.71,19,BUKRY,,95,SILICOFLAGELLATES,,,,,NO AGE GIVEN,398,SCORB0180,Corbisema hastata hastata,TRACE,  ,1,fcc54f83268e9b9110a2f2c7c4be3dcf,95-612-18-3
95,612,,18,3,100.0,101.0,145.70,149.71,19,BUKRY,,95,SILICOFLAGELLATES,,,,,NO AGE GIVEN,398,SCORB0195,Corbisema hastata miranda,TRACE,  ,1,b9fe84a79260be610d59c1fca2b42137,95-612-18-3
95,612,,18,3,100.0,101.0,145.70,149.71,19,BUKRY,,95,SILICOFLAGELLATES,,,,,NO AGE GIVEN,398,SCORB0260,Corbisema katharinae,TRACE,  ,1,855283a2fdee34991e00c15ed6037ffd,95-612-18-3
95,612,,18,3,100.0,101.0,145.70,149.71,19,BUKRY,,95,SILICOFLAGELLATES,,,,,NO AGE GIVEN,398,SCORB0352,Corbisema regina,COMMON,  ,1,f991d160160c5feb72844ce51f4b9b29,95-612-18-3
95,612,,18,3,100.0,101.0,145.70,149.71,19,BUKRY,,95,SILICOFLAGELLATES,,,,,NO AGE GIVEN,398,SCORB0353,Corbisema regina (bar),FEW,  ,1,62abaced6fd1e0246afd9195f625d725,95-612-18-3
95,612,,18,3,100.0,101.0,145.70,149.71,19,BUKRY,,95,SILICOFLAGELLATES,,,,,NO AGE GIVEN,398,SCORB0354,Corbisema sp.,TRACE,  ,1,fea95e9b961871a956b061dc62faf999,95-612-18-3
95,612,,18,3,100.0,101.0,145.70,149.71,19,BUKRY,,95,SILICOFLAGELLATES,,,,,NO AGE GIVEN,398,SCORB0391,Corbisema triacantha mediana,COMMON,  ,1,bcf0d044aa9f73198827487a8f40eb53,95-612-18-3
95,612,,18,3,100.0,101.0,145.70,149.71,19,BUKRY,,95,SILICOFLAGELLATES,,,,,NO AGE GIVEN,398,SDICT0104,Dictyocha byronalis,RARE,  ,1,2be635b420e8041fbaeb1eaeadf70131,95-612-18-3
95,612,,18,3,100.0,101.0,145.70,149.71,19,BUKRY,,95,SILICOFLAGELLATES,,,,,NO AGE GIVEN,398,SDICT0504,Dictyocha perlaevis (s.ampl.),TRACE,  ,2,c65679f760a8a18ecae6085b689c005e,95-612-18-3
95,612,,18,3,100.0,101.0,145.70,149.71,19,BUKRY,,95,SILICOFLAGELLATES,,,,,NO AGE GIVEN,398,SDICT0705,Dictyocha sp. (asperioid),TRACE,  ,2,d03aa8a8ad7d9d1f159f2616d38d8916,95-612-18-3
95,612,,18,3,100.0,101.0,145.70,149.71,19,BUKRY,,95,SILICOFLAGELLATES,,,,,NO AGE GIVEN,398,SDICT0706,Dictyocha sp. (fibuloid),TRACE,  ,2,21990b708843ba7c0b032633e0bbd3ab,95-612-18-3
95,612,,18,3,100.0,101.0,145.70,149.71,19,BUKRY,,95,SILICOFLAGELLATES,,,,,NO AGE GIVEN,398,SDIST0114,Distephanus crux (s.ampl.),RARE,  ,2,e61a43e229a5fb87885085f7bb76f283,95-612-18-3
95,612,,18,3,100.0,101.0,145.70,149.71,19,BUKRY,,95,SILICOFLAGELLATES,,,,,NO AGE GIVEN,398,SMACR0010,Macrora barbadensis,TRACE,  ,2,70b90dbcab90f8f6b334afa4abe07df4,95-612-18-3
95,612,,18,3,100.0,101.0,145.70,149.71,19,BUKRY,,95,SILICOFLAGELLATES,,,,,NO AGE GIVEN,398,SMACR0030,Macrora stella,RARE,  ,2,376381bb22f5d1e7ebb4e1798bedc14a,95-612-18-3
95,612,,18,3,100.0,101.0,145.70,149.71,19,BUKRY,,95,SILICOFLAGELLATES,,,,,NO AGE GIVEN,398,SNAVI0020,Naviculopsis biapiculata,FEW,  ,2,9a6d95522894c0827f38ff3704ff2676,95-612-18-3
95,612,,18,3,100.0,101.0,145.70,149.71,19,BUKRY,,95,SILICOFLAGELLATES,,,,,NO AGE GIVEN,398,SNAVI0060,Naviculopsis constricta,ABUNDANT,  ,2,92504f216ef95dd07daf574aa0bb36d6,95-612-18-3
95,612,,18,3,100.0,101.0,145.70,149.71,19,BUKRY,,95,SILICOFLAGELLATES,,,,,NO AGE GIVEN,398,SNAVI0080,Naviculopsis foliacea,TRACE,  ,2,59eac356610fa1e7c0aa2a009a9b840f,95-612-18-3
95,612,,18,5,100.0,101.0,145.70,152.71,23,BUKRY,,95,SILICOFLAGELLATES,,,,,NO AGE GIVEN,398,SBACH0010,Bachmannocena apiculata apiculata,FEW,  ,1,e6b17ffc3a50c0d856cc21d1fa3e600d,95-612-18-5
95,612,,18,5,100.0,101.0,145.70,152.71,23,BUKRY,,95,SILICOFLAGELLATES,,,,,NO AGE GIVEN,398,SBACH0040,Bachmannocena oamaruensis,TRACE,  ,1,ed31f0f222d3ddda80d56e4b9c61fa54,95-612-18-5
95,612,,18,5,100.0,101.0,145.70,152.71,23,BUKRY,,95,SILICOFLAGELLATES,,,,,NO AGE GIVEN,398,SBACH0050,Bachmannocena paulschulzii,TRACE,  ,1,7e11d4d072c9b77bdc290d9dca327d5a,95-612-18-5
95,612,,18,5,100.0,101.0,145.70,152.71,23,BUKRY,,95,SILICOFLAGELLATES,,,,,NO AGE GIVEN,398,SCORB0010,Corbisema apiculata,FEW,  ,1,fbd96093957abaf2269be8f0f6754f3e,95-612-18-5
95,612,,18,5,100.0,101.0,145.70,152.71,23,BUKRY,,95,SILICOFLAGELLATES,,,,,NO AGE GIVEN,398,SCORB0184,Corbisema hastata incohata,PRESENT,  ,1,e9f1b2636c8f64d71bba48e1071f5904,95-612-18-5
95,612,,18,5,100.0,101.0,145.70,152.71,23,BUKRY,,95,SILICOFLAGELLATES,,,,,NO AGE GIVEN,398,SCORB0195,Corbisema hastata miranda,RARE,  ,1,b326d0dbbf3344ce5d97e358545f0540,95-612-18-5
95,612,,18,5,100.0,101.0,145.70,152.71,23,BUKRY,,95,SILICOFLAGELLATES,,,,,NO AGE GIVEN,398,SCORB0256,Corbisema jerseyensis,FEW,  ,1,00e112428f43cf336a0f7c5165436651,95-612-18-5
95,612,,18,5,100.0,101.0,145.70,152.71,23,BUKRY,,95,SILICOFLAGELLATES,,,,,NO AGE GIVEN,398,SCORB0354,Corbisema sp.,RARE,  ,1,a73b21870277481dfb670e594d89c788,95-612-18-5
95,612,,18,5,100.0,101.0,145.70,152.71,23,BUKRY,,95,SILICOFLAGELLATES,,,,,NO AGE GIVEN,398,SCORB0389,Corbisema triacantha triacantha (plate),TRACE,  ,1,bc7a06ff8e1ed5aba4566dc2cfecb4eb,95-612-18-5
95,612,,18,5,100.0,101.0,145.70,152.71,23,BUKRY,,95,SILICOFLAGELLATES,,,,,NO AGE GIVEN,398,SCORB0391,Corbisema triacantha mediana,TRACE,  ,1,2ef8c69c0ddbe32fc1ab0f518ae7dba6,95-612-18-5
95,612,,18,5,100.0,101.0,145.70,152.71,23,BUKRY,,95,SILICOFLAGELLATES,,,,,NO AGE GIVEN,398,SCORB0392,Corbisema triacantha triacantha,TRACE,  ,2,67cfe9ad77daf83647b919fac5a86238,95-612-18-5
95,612,,18,5,100.0,101.0,145.70,152.71,23,BUKRY,,95,SILICOFLAGELLATES,,,,,NO AGE GIVEN,398,SDICT0104,Dictyocha byronalis,RARE,  ,2,9866b669ab32a6d1129904adb3150777,95-612-18-5
95,612,,18,5,100.0,101.0,145.70,152.71,23,BUKRY,,95,SILICOFLAGELLATES,,,,,NO AGE GIVEN,398,SDICT0139,Dictyocha deflandrei completa,TRACE,  ,2,faad34b455ef27070261282ccf64e727,95-612-18-5
95,612,,18,5,100.0,101.0,145.70,152.71,23,BUKRY,,95,SILICOFLAGELLATES,,,,,NO AGE GIVEN,398,SDICT0705,Dictyocha sp. (asperioid),FEW,  ,2,0e435d4e408112fe2d0ffe2ccf0b0195,95-612-18-5
95,612,,18,5,100.0,101.0,145.70,152.71,23,BUKRY,,95,SILICOFLAGELLATES,,,,,NO AGE GIVEN,398,SDIST0114,Distephanus crux (s.ampl.),FEW,  ,2,c0a557a7c6df516ce824efb6f52f71cf,95-612-18-5
95,612,,18,5,100.0,101.0,145.70,152.71,23,BUKRY,,95,SILICOFLAGELLATES,,,,,NO AGE GIVEN,398,SDIST0460,Distephanus speculum hemisphaericus,TRACE,  ,2,0c124d97ba50eed22f937143b8c5a768,95-612-18-5
95,612,,18,5,100.0,101.0,145.70,152.71,23,BUKRY,,95,SILICOFLAGELLATES,,,,,NO AGE GIVEN,398,SDIST0590,Distephanus speculum triommata,TRACE,  ,2,806118961a33fa1609806bdbd4c28f0b,95-612-18-5
95,612,,18,5,100.0,101.0,145.70,152.71,23,BUKRY,,95,SILICOFLAGELLATES,,,,,NO AGE GIVEN,398,SMACR0030,Macrora stella,TRACE,  ,2,097a5fdd10f843f7f9fc552fe3f018e9,95-612-18-5
95,612,,18,5,100.0,101.0,145.70,152.71,23,BUKRY,,95,SILICOFLAGELLATES,,,,,NO AGE GIVEN,398,SNAVI0020,Naviculopsis biapiculata,TRACE,  ,2,90ec4a09ea3abc1905f054ced644d9d1,95-612-18-5
95,612,,18,5,100.0,101.0,145.70,152.71,23,BUKRY,,95,SILICOFLAGELLATES,,,,,NO AGE GIVEN,398,SNAVI0059,Naviculopsis constricta (semi-barred),TRACE,  ,2,d67af740fc31dcb82750898b0d5b260d,95-612-18-5
95,612,,18,5,100.0,101.0,145.70,152.71,23,BUKRY,,95,SILICOFLAGELLATES,,,,,NO AGE GIVEN,398,SNAVI0060,Naviculopsis constricta,ABUNDANT,  ,3,1f73c0415431bc009fdedd483d72a6d7,95-612-18-5
95,612,,18,5,100.0,101.0,145.70,152.71,23,BUKRY,,95,SILICOFLAGELLATES,,,,,NO AGE GIVEN,398,SNAVI0074,Naviculopsis eobiapiculata,TRACE,  ,3,9a6d301e668f349795c6f128f438e89b,95-612-18-5
95,612,,18,5,100.0,101.0,145.70,152.71,23,BUKRY,,95,SILICOFLAGELLATES,,,,,NO AGE GIVEN,398,SNAVI0080,Naviculopsis foliacea,TRACE,  ,3,ce728ac3bc431b96c2a27124f8dfcef4,95-612-18-5
95,612,,19,1,100.0,101.0,155.20,156.21,16,BUKRY,,95,SILICOFLAGELLATES,,,,,NO AGE GIVEN,398,SBACH0010,Bachmannocena apiculata apiculata,COMMON,  ,1,7e4d5f3fe3aeeb6a3505609ef07bfc39,95-612-19-1
95,612,,19,1,100.0,101.0,155.20,156.21,16,BUKRY,,95,SILICOFLAGELLATES,,,,,NO AGE GIVEN,398,SCORB0010,Corbisema apiculata,TRACE,  ,1,21c70b3db34e1b42b5dd61456edb0569,95-612-19-1
95,612,,19,1,100.0,101.0,155.20,156.21,16,BUKRY,,95,SILICOFLAGELLATES,,,,,NO AGE GIVEN,398,SCORB0020,Corbisema archangelskiana,TRACE,  ,1,f2d7e4ef063962a8263d91f22fb3c148,95-612-19-1
95,612,,19,1,100.0,101.0,155.20,156.21,16,BUKRY,,95,SILICOFLAGELLATES,,,,,NO AGE GIVEN,398,SCORB0170,Corbisema hastata globulata,TRACE,  ,1,f50e82ca78d324e77396e11e9fbb08e9,95-612-19-1
95,612,,19,1,100.0,101.0,155.20,156.21,16,BUKRY,,95,SILICOFLAGELLATES,,,,,NO AGE GIVEN,398,SCORB0180,Corbisema hastata hastata,TRACE,  ,1,c8888d19615570b01a014fbefdda3b7d,95-612-19-1
95,612,,19,1,100.0,101.0,155.20,156.21,16,BUKRY,,95,SILICOFLAGELLATES,,,,,NO AGE GIVEN,398,SCORB0195,Corbisema hastata miranda,TRACE,  ,1,56b4481344a39c0bb9fd5ab38f4fbab0,95-612-19-1
95,612,,19,1,100.0,101.0,155.20,156.21,16,BUKRY,,95,SILICOFLAGELLATES,,,,,NO AGE GIVEN,398,SCORB0391,Corbisema triacantha mediana,RARE,  ,1,c0143620c16120646caddd40c963486d,95-612-19-1
95,612,,19,1,100.0,101.0,155.20,156.21,16,BUKRY,,95,SILICOFLAGELLATES,,,,,NO AGE GIVEN,398,SCORB0392,Corbisema triacantha triacantha,TRACE,  ,1,fcaf5c0b86465bfaea81392e84903794,95-612-19-1
95,612,,19,1,100.0,101.0,155.20,156.21,16,BUKRY,,95,SILICOFLAGELLATES,,,,,NO AGE GIVEN,398,SDICT0104,Dictyocha byronalis,FEW,  ,1,b9cb57248ddcbc82ed4bd83f38d5e1ec,95-612-19-1
95,612,,19,1,100.0,101.0,155.20,156.21,16,BUKRY,,95,SILICOFLAGELLATES,,,,,NO AGE GIVEN,398,SDICT0705,Dictyocha sp. (asperioid),RARE,  ,1,2322bdce88cc37d1812b790bba6f2b9f,95-612-19-1
95,612,,19,1,100.0,101.0,155.20,156.21,16,BUKRY,,95,SILICOFLAGELLATES,,,,,NO AGE GIVEN,398,SDIST0114,Distephanus crux (s.ampl.),TRACE,  ,2,156ee345c36edaef64bb074ec2641ad1,95-612-19-1
95,612,,19,1,100.0,101.0,155.20,156.21,16,BUKRY,,95,SILICOFLAGELLATES,,,,,NO AGE GIVEN,398,SMACR0010,Macrora barbadensis,TRACE,  ,2,4a96763a11475d1d71cdb2cc7d6e8bf8,95-612-19-1
95,612,,19,1,100.0,101.0,155.20,156.21,16,BUKRY,,95,SILICOFLAGELLATES,,,,,NO AGE GIVEN,398,SMACR0030,Macrora stella,TRACE,  ,2,46ab637bd36d7a676f04b40008ac29ed,95-612-19-1
95,612,,19,1,100.0,101.0,155.20,156.21,16,BUKRY,,95,SILICOFLAGELLATES,,,,,NO AGE GIVEN,398,SNAVI0020,Naviculopsis biapiculata,FEW,  ,2,e3c2a0227b96755f3510fdfda9f4fd75,95-612-19-1
95,612,,19,1,100.0,101.0,155.20,156.21,16,BUKRY,,95,SILICOFLAGELLATES,,,,,NO AGE GIVEN,398,SNAVI0060,Naviculopsis constricta,ABUNDANT,  ,2,038e383ae18648859abfe65f796592fb,95-612-19-1
95,612,,19,1,100.0,101.0,155.20,156.21,16,BUKRY,,95,SILICOFLAGELLATES,,,,,NO AGE GIVEN,398,SNAVI0270,Naviculopsis trispinosa,TRACE,  ,2,47af3a4f371f4b036ee55121fb934ceb,95-612-19-1
95,612,,19,3,100.0,101.0,155.20,159.21,14,BUKRY,,95,SILICOFLAGELLATES,,,,,NO AGE GIVEN,398,SBACH0010,Bachmannocena apiculata apiculata,COMMON,  ,1,996cc48cd0f4a9de97d2cc1ab3b214c4,95-612-19-3
95,612,,19,3,100.0,101.0,155.20,159.21,14,BUKRY,,95,SILICOFLAGELLATES,,,,,NO AGE GIVEN,398,SCORB0010,Corbisema apiculata,FEW,  ,1,218f4c8da939476c7cf2b13a6e55fd43,95-612-19-3
95,612,,19,3,100.0,101.0,155.20,159.21,14,BUKRY,,95,SILICOFLAGELLATES,,,,,NO AGE GIVEN,398,SCORB0084,Corbisema ellipsis,TRACE,  ,1,dbd844ab832eb4b6f74f936e88bddad1,95-612-19-3
95,612,,19,3,100.0,101.0,155.20,159.21,14,BUKRY,,95,SILICOFLAGELLATES,,,,,NO AGE GIVEN,398,SCORB0195,Corbisema hastata miranda,TRACE,  ,1,9cbd0ccbd0f6dd5199ddc5467479bbaf,95-612-19-3
95,612,,19,3,100.0,101.0,155.20,159.21,14,BUKRY,,95,SILICOFLAGELLATES,,,,,NO AGE GIVEN,398,SCORB0256,Corbisema jerseyensis,TRACE,  ,1,3fb491acef74220fcddb92a94dfa2749,95-612-19-3
95,612,,19,3,100.0,101.0,155.20,159.21,14,BUKRY,,95,SILICOFLAGELLATES,,,,,NO AGE GIVEN,398,SCORB0354,Corbisema sp.,TRACE,  ,1,d8166b0afdbeb362844c79d50c78138b,95-612-19-3
95,612,,19,3,100.0,101.0,155.20,159.21,14,BUKRY,,95,SILICOFLAGELLATES,,,,,NO AGE GIVEN,398,SCORB0389,Corbisema triacantha triacantha (plate),TRACE,  ,1,2679388cd21a76121f60a6a6d385c57a,95-612-19-3
95,612,,19,3,100.0,101.0,155.20,159.21,14,BUKRY,,95,SILICOFLAGELLATES,,,,,NO AGE GIVEN,398,SCORB0391,Corbisema triacantha mediana,FEW,  ,1,2a5a7a722f19ac69d5992df5e15ad433,95-612-19-3
95,612,,19,3,100.0,101.0,155.20,159.21,14,BUKRY,,95,SILICOFLAGELLATES,,,,,NO AGE GIVEN,398,SCORB0392,Corbisema triacantha triacantha,TRACE,  ,1,e28ebb83ba8f99fdf824b9f5a95d9aa8,95-612-19-3
95,612,,19,3,100.0,101.0,155.20,159.21,14,BUKRY,,95,SILICOFLAGELLATES,,,,,NO AGE GIVEN,398,SDICT0104,Dictyocha byronalis,COMMON,  ,1,f03f72350e8f638cf50058aebfab43ab,95-612-19-3
95,612,,19,3,100.0,101.0,155.20,159.21,14,BUKRY,,95,SILICOFLAGELLATES,,,,,NO AGE GIVEN,398,SDIST0114,Distephanus crux (s.ampl.),TRACE,  ,2,46c70a36b2412fa96f87ab86b82e6378,95-612-19-3
95,612,,19,3,100.0,101.0,155.20,159.21,14,BUKRY,,95,SILICOFLAGELLATES,,,,,NO AGE GIVEN,398,SDIST0417,Distephanus sp. (cannopilean),TRACE,  ,2,c2b55ad81abd757259dc720a12d2cf9a,95-612-19-3
95,612,,19,3,100.0,101.0,155.20,159.21,14,BUKRY,,95,SILICOFLAGELLATES,,,,,NO AGE GIVEN,398,SNAVI0060,Naviculopsis constricta,ABUNDANT,  ,2,8ed2aec044c501622aab3fa3877b374d,95-612-19-3
95,612,,19,3,100.0,101.0,155.20,159.21,14,BUKRY,,95,SILICOFLAGELLATES,,,,,NO AGE GIVEN,398,SNAVI0074,Naviculopsis eobiapiculata,FEW,  ,2,406654a48f532efed5a177d0db38c27e,95-612-19-3
95,612,,19,5,100.0,101.0,155.20,162.21,20,BUKRY,,95,SILICOFLAGELLATES,,,,,NO AGE GIVEN,398,SBACH0010,Bachmannocena apiculata apiculata,COMMON,  ,1,6b96fd9da2887f57071b7df604695d28,95-612-19-5
95,612,,19,5,100.0,101.0,155.20,162.21,20,BUKRY,,95,SILICOFLAGELLATES,,,,,NO AGE GIVEN,398,SCORB0084,Corbisema ellipsis,TRACE,  ,1,f152ccc7d1d83b41efe9bd604565aae1,95-612-19-5
95,612,,19,5,100.0,101.0,155.20,162.21,20,BUKRY,,95,SILICOFLAGELLATES,,,,,NO AGE GIVEN,398,SCORB0195,Corbisema hastata miranda,RARE,  ,1,949ac0a8152e8163b5effdd55c293fb4,95-612-19-5
95,612,,19,5,100.0,101.0,155.20,162.21,20,BUKRY,,95,SILICOFLAGELLATES,,,,,NO AGE GIVEN,398,SCORB0352,Corbisema regina,TRACE,  ,1,833debe51de9a62b8719217990b330bc,95-612-19-5
95,612,,19,5,100.0,101.0,155.20,162.21,20,BUKRY,,95,SILICOFLAGELLATES,,,,,NO AGE GIVEN,398,SCORB0353,Corbisema regina (bar),FEW,  ,1,ebd206a44537cbfe67f52a02f03722fa,95-612-19-5
95,612,,19,5,100.0,101.0,155.20,162.21,20,BUKRY,,95,SILICOFLAGELLATES,,,,,NO AGE GIVEN,398,SCORB0354,Corbisema sp.,TRACE,  ,1,11c16d77689dd9d1a7f56e15a1dcadac,95-612-19-5
95,612,,19,5,100.0,101.0,155.20,162.21,20,BUKRY,,95,SILICOFLAGELLATES,,,,,NO AGE GIVEN,398,SCORB0391,Corbisema triacantha mediana,RARE,  ,1,fa97b472a2cc1ee29036a179f67f1604,95-612-19-5
95,612,,19,5,100.0,101.0,155.20,162.21,20,BUKRY,,95,SILICOFLAGELLATES,,,,,NO AGE GIVEN,398,SDICT0104,Dictyocha byronalis,RARE,  ,1,7fb9f318bb51bf8bbcf6d60669c5164f,95-612-19-5
95,612,,19,5,100.0,101.0,155.20,162.21,20,BUKRY,,95,SILICOFLAGELLATES,,,,,NO AGE GIVEN,398,SDICT0151,Dictyocha dickii,TRACE,  ,1,a2809320ea6a6468ac6cbe5448c218a8,95-612-19-5
95,612,,19,5,100.0,101.0,155.20,162.21,20,BUKRY,,95,SILICOFLAGELLATES,,,,,NO AGE GIVEN,398,SDICT0355,Dictyocha hexacantha,TRACE,  ,1,d543dfbbe49d84c96c19a732074f82b0,95-612-19-5
95,612,,19,5,100.0,101.0,155.20,162.21,20,BUKRY,,95,SILICOFLAGELLATES,,,,,NO AGE GIVEN,398,SDICT0705,Dictyocha sp. (asperioid),RARE,  ,2,33b6cff02238b5555df49d07d712e607,95-612-19-5
95,612,,19,5,100.0,101.0,155.20,162.21,20,BUKRY,,95,SILICOFLAGELLATES,,,,,NO AGE GIVEN,398,SDICT0706,Dictyocha sp. (fibuloid),FEW,  ,2,c19aa451aeb31ef9f860ff0174338dce,95-612-19-5
95,612,,19,5,100.0,101.0,155.20,162.21,20,BUKRY,,95,SILICOFLAGELLATES,,,,,NO AGE GIVEN,398,SDIST0114,Distephanus crux (s.ampl.),PRESENT,  ,2,85fc8c727dc68583b0bc7f1834e3339d,95-612-19-5
95,612,,19,5,100.0,101.0,155.20,162.21,20,BUKRY,,95,SILICOFLAGELLATES,,,,,NO AGE GIVEN,398,SDIST0417,Distephanus sp. (cannopilean),TRACE,  ,2,d4c88e0b2085cddc1410827ac703cf98,95-612-19-5
95,612,,19,5,100.0,101.0,155.20,162.21,20,BUKRY,,95,SILICOFLAGELLATES,,,,,NO AGE GIVEN,398,SMACR0010,Macrora barbadensis,RARE,  ,2,5f03d7d0857f62309b0020f9ee7bdba6,95-612-19-5
95,612,,19,5,100.0,101.0,155.20,162.21,20,BUKRY,,95,SILICOFLAGELLATES,,,,,NO AGE GIVEN,398,SMACR0030,Macrora stella,RARE,  ,2,c3951af092bcbc91ecc608bee3ec0c9a,95-612-19-5
95,612,,19,5,100.0,101.0,155.20,162.21,20,BUKRY,,95,SILICOFLAGELLATES,,,,,NO AGE GIVEN,398,SNAVI0020,Naviculopsis biapiculata,TRACE,  ,2,50a87fc6cb8c29f751e824662cbaa0f5,95-612-19-5
95,612,,19,5,100.0,101.0,155.20,162.21,20,BUKRY,,95,SILICOFLAGELLATES,,,,,NO AGE GIVEN,398,SNAVI0060,Naviculopsis constricta,ABUNDANT,  ,2,6950c81290d30b6cdd5a762f62d0280d,95-612-19-5
95,612,,19,5,100.0,101.0,155.20,162.21,20,BUKRY,,95,SILICOFLAGELLATES,,,,,NO AGE GIVEN,398,SNAVI0080,Naviculopsis foliacea,RARE,  ,2,3972d5d059a4c823bc6e9ca7aedae0c0,95-612-19-5
95,612,,19,5,100.0,101.0,155.20,162.21,20,BUKRY,,95,SILICOFLAGELLATES,,,,,NO AGE GIVEN,398,SNAVI0270,Naviculopsis trispinosa,RARE,  ,2,76367931dbef7e9fbf1b95a123285b49,95-612-19-5
95,612,,20,1,100.0,101.0,164.70,165.71,13,BUKRY,,95,SILICOFLAGELLATES,,,,,NO AGE GIVEN,398,SBACH0010,Bachmannocena apiculata apiculata,COMMON,  ,1,6bef0a3bf6f137cf1b6008abf14f1dd1,95-612-20-1
95,612,,20,1,100.0,101.0,164.70,165.71,13,BUKRY,,95,SILICOFLAGELLATES,,,,,NO AGE GIVEN,398,SCORB0010,Corbisema apiculata,COMMON,  ,1,fa01e2d51c3e17e6722d6366b63e06a5,95-612-20-1
95,612,,20,1,100.0,101.0,164.70,165.71,13,BUKRY,,95,SILICOFLAGELLATES,,,,,NO AGE GIVEN,398,SCORB0170,Corbisema hastata globulata,RARE,  ,1,093c5ed35559b2332e29646a180f80d1,95-612-20-1
95,612,,20,1,100.0,101.0,164.70,165.71,13,BUKRY,,95,SILICOFLAGELLATES,,,,,NO AGE GIVEN,398,SCORB0184,Corbisema hastata incohata,PRESENT,  ,1,499007b9c24e30a2dde99b942b7e34b2,95-612-20-1
95,612,,20,1,100.0,101.0,164.70,165.71,13,BUKRY,,95,SILICOFLAGELLATES,,,,,NO AGE GIVEN,398,SCORB0256,Corbisema jerseyensis,PRESENT,  ,1,17402c00f371cff048a417b7e50ea915,95-612-20-1
95,612,,20,1,100.0,101.0,164.70,165.71,13,BUKRY,,95,SILICOFLAGELLATES,,,,,NO AGE GIVEN,398,SCORB0353,Corbisema regina (bar),RARE,  ,1,95a04d0f06eab8c8c2b8315018a82570,95-612-20-1
95,612,,20,1,100.0,101.0,164.70,165.71,13,BUKRY,,95,SILICOFLAGELLATES,,,,,NO AGE GIVEN,398,SCORB0391,Corbisema triacantha mediana,COMMON,  ,1,aa8fd3ed24b2372a280df372c7cd6fe9,95-612-20-1
95,612,,20,1,100.0,101.0,164.70,165.71,13,BUKRY,,95,SILICOFLAGELLATES,,,,,NO AGE GIVEN,398,SDICT0014,Dictyocha acuta,COMMON,  ,1,67eee9fc2612cd2292aac168fff38787,95-612-20-1
95,612,,20,1,100.0,101.0,164.70,165.71,13,BUKRY,,95,SILICOFLAGELLATES,,,,,NO AGE GIVEN,398,SDICT0355,Dictyocha hexacantha,RARE,  ,1,3159e56b3712e841e3510d5ad3b9de4d,95-612-20-1
95,612,,20,1,100.0,101.0,164.70,165.71,13,BUKRY,,95,SILICOFLAGELLATES,,,,,NO AGE GIVEN,398,SDICT0705,Dictyocha sp. (asperioid),ABUNDANT,  ,1,3693d14b736c5ad3bd154ef011c6c770,95-612-20-1
95,612,,20,1,100.0,101.0,164.70,165.71,13,BUKRY,,95,SILICOFLAGELLATES,,,,,NO AGE GIVEN,398,SMACR0030,Macrora stella,FEW,  ,2,bb2f7cf5da76e67c9190cb1a0a3b1189,95-612-20-1
95,612,,20,1,100.0,101.0,164.70,165.71,13,BUKRY,,95,SILICOFLAGELLATES,,,,,NO AGE GIVEN,398,SNAVI0020,Naviculopsis biapiculata,RARE,  ,2,631a7072315114a9ef59b5d296a56928,95-612-20-1
95,612,,20,1,100.0,101.0,164.70,165.71,13,BUKRY,,95,SILICOFLAGELLATES,,,,,NO AGE GIVEN,398,SNAVI0060,Naviculopsis constricta,ABUNDANT,  ,2,dc62a7a69ca503c5f94aaa16cb9acd42,95-612-20-1
95,612,,20,5,100.0,101.0,164.70,171.71,15,BUKRY,,95,SILICOFLAGELLATES,,,,,NO AGE GIVEN,398,SCORB0006,Corbisema amicula,TRACE,  ,1,54039033e363ee5f7f83f4b06e95a0af,95-612-20-5
95,612,,20,5,100.0,101.0,164.70,171.71,15,BUKRY,,95,SILICOFLAGELLATES,,,,,NO AGE GIVEN,398,SCORB0010,Corbisema apiculata,COMMON,  ,1,e2340aaaadc3a17eb4f1e1c75515abf5,95-612-20-5
95,612,,20,5,100.0,101.0,164.70,171.71,15,BUKRY,,95,SILICOFLAGELLATES,,,,,NO AGE GIVEN,398,SCORB0032,Corbisema bimucronata bimucornata,TRACE,  ,1,92ef9a802fe8d2c127159f1bd797cf49,95-612-20-5
95,612,,20,5,100.0,101.0,164.70,171.71,15,BUKRY,,95,SILICOFLAGELLATES,,,,,NO AGE GIVEN,398,SCORB0184,Corbisema hastata incohata,PRESENT,  ,1,9bb3671e7beac7aa2d5494188e2d329d,95-612-20-5
95,612,,20,5,100.0,101.0,164.70,171.71,15,BUKRY,,95,SILICOFLAGELLATES,,,,,NO AGE GIVEN,398,SCORB0195,Corbisema hastata miranda,TRACE,  ,1,51952e3a668a79bd3625a67652940ea2,95-612-20-5
95,612,,20,5,100.0,101.0,164.70,171.71,15,BUKRY,,95,SILICOFLAGELLATES,,,,,NO AGE GIVEN,398,SCORB0256,Corbisema jerseyensis,FEW,  ,1,b4dc894ab675bb5b806742906353a7a6,95-612-20-5
95,612,,20,5,100.0,101.0,164.70,171.71,15,BUKRY,,95,SILICOFLAGELLATES,,,,,NO AGE GIVEN,398,SCORB0391,Corbisema triacantha mediana,COMMON,  ,1,f15b4b2d1400994d34be64c1f3150b05,95-612-20-5
95,612,,20,5,100.0,101.0,164.70,171.71,15,BUKRY,,95,SILICOFLAGELLATES,,,,,NO AGE GIVEN,398,SDICT0355,Dictyocha hexacantha,RARE,  ,1,b9ed9179c3587c64ff5518e50ddfdb21,95-612-20-5
95,612,,20,5,100.0,101.0,164.70,171.71,15,BUKRY,,95,SILICOFLAGELLATES,,,,,NO AGE GIVEN,398,SDICT0705,Dictyocha sp. (asperioid),COMMON,  ,1,4d6827486ed428480ecceef04dc71998,95-612-20-5
95,612,,20,5,100.0,101.0,164.70,171.71,15,BUKRY,,95,SILICOFLAGELLATES,,,,,NO AGE GIVEN,398,SDICT0706,Dictyocha sp. (fibuloid),COMMON,  ,1,6560aaabd8a5de93c4594d26e9daff34,95-612-20-5
95,612,,20,5,100.0,101.0,164.70,171.71,15,BUKRY,,95,SILICOFLAGELLATES,,,,,NO AGE GIVEN,398,SDIST0114,Distephanus crux (s.ampl.),TRACE,  ,2,aa3ec18056624df9d960c43a7db57da5,95-612-20-5
95,612,,20,5,100.0,101.0,164.70,171.71,15,BUKRY,,95,SILICOFLAGELLATES,,,,,NO AGE GIVEN,398,SDIST0417,Distephanus sp. (cannopilean),TRACE,  ,2,04fb6bf4f577da66eb1ae43f9340d9e3,95-612-20-5
95,612,,20,5,100.0,101.0,164.70,171.71,15,BUKRY,,95,SILICOFLAGELLATES,,,,,NO AGE GIVEN,398,SMACR0011,Macrora barbadensis (q),TRACE,  ,2,d835aad5b4f416233d17739177407938,95-612-20-5
95,612,,20,5,100.0,101.0,164.70,171.71,15,BUKRY,,95,SILICOFLAGELLATES,,,,,NO AGE GIVEN,398,SMACR0030,Macrora stella,RARE,  ,2,0ac6996e1befd850fd97fbcf84f9c5db,95-612-20-5
95,612,,20,5,100.0,101.0,164.70,171.71,15,BUKRY,,95,SILICOFLAGELLATES,,,,,NO AGE GIVEN,398,SNAVI0060,Naviculopsis constricta,COMMON,  ,2,845afb3e51404bf7bb4a16e52df89799,95-612-20-5
95,612,,21,1,100.0,101.0,174.20,175.21,18,BUKRY,,95,SILICOFLAGELLATES,,,,,NO AGE GIVEN,398,SBACH0010,Bachmannocena apiculata apiculata,TRACE,  ,1,4a3c971c1d5315c7c1fcb71b028abd36,95-612-21-1
95,612,,21,1,100.0,101.0,174.20,175.21,18,BUKRY,,95,SILICOFLAGELLATES,,,,,NO AGE GIVEN,398,SBACH0011,Bachmannocena apiculata apiculata (q),RARE,  ,1,3dec6ea291a92a214908d8354bdefd84,95-612-21-1
95,612,,21,1,100.0,101.0,174.20,175.21,18,BUKRY,,95,SILICOFLAGELLATES,,,,,NO AGE GIVEN,398,SBACH0040,Bachmannocena oamaruensis,TRACE,  ,1,0e53380c53a67a025e2aafac3d4a5957,95-612-21-1
95,612,,21,1,100.0,101.0,174.20,175.21,18,BUKRY,,95,SILICOFLAGELLATES,,,,,NO AGE GIVEN,398,SBACH0050,Bachmannocena paulschulzii,PRESENT,  ,1,a0c2380d1560cc0cefad91be9321444e,95-612-21-1
95,612,,21,1,100.0,101.0,174.20,175.21,18,BUKRY,,95,SILICOFLAGELLATES,,,,,NO AGE GIVEN,398,SCORB0010,Corbisema apiculata,TRACE,  ,1,fc7f3881d468cafefad6753fb932a49e,95-612-21-1
95,612,,21,1,100.0,101.0,174.20,175.21,18,BUKRY,,95,SILICOFLAGELLATES,,,,,NO AGE GIVEN,398,SCORB0032,Corbisema bimucronata bimucornata,TRACE,  ,1,7e2b2679302d0d8128dc1df18ebdda42,95-612-21-1
95,612,,21,1,100.0,101.0,174.20,175.21,18,BUKRY,,95,SILICOFLAGELLATES,,,,,NO AGE GIVEN,398,SCORB0088,Corbisema exilis,RARE,  ,1,d2e7a0cc0f056b0c059c23a0d74f1935,95-612-21-1
95,612,,21,1,100.0,101.0,174.20,175.21,18,BUKRY,,95,SILICOFLAGELLATES,,,,,NO AGE GIVEN,398,SCORB0195,Corbisema hastata miranda,FEW,  ,1,5bba022b7dabf05ad71c3c43363d4129,95-612-21-1
95,612,,21,1,100.0,101.0,174.20,175.21,18,BUKRY,,95,SILICOFLAGELLATES,,,,,NO AGE GIVEN,398,SCORB0391,Corbisema triacantha mediana,ABUNDANT,  ,1,aa917a2f17c959351616152108c55583,95-612-21-1
95,612,,21,1,100.0,101.0,174.20,175.21,18,BUKRY,,95,SILICOFLAGELLATES,,,,,NO AGE GIVEN,398,SDICT0355,Dictyocha hexacantha,RARE,  ,1,dd86ffa9930df3321d8c83b39eef30a7,95-612-21-1
95,612,,21,1,100.0,101.0,174.20,175.21,18,BUKRY,,95,SILICOFLAGELLATES,,,,,NO AGE GIVEN,398,SDICT0705,Dictyocha sp. (asperioid),RARE,  ,2,cc7a5c395b7535d40fff58cb849c42a1,95-612-21-1
95,612,,21,1,100.0,101.0,174.20,175.21,18,BUKRY,,95,SILICOFLAGELLATES,,,,,NO AGE GIVEN,398,SDICT0706,Dictyocha sp. (fibuloid),COMMON,  ,2,338e03994eff122563fbe9b15f761667,95-612-21-1
95,612,,21,1,100.0,101.0,174.20,175.21,18,BUKRY,,95,SILICOFLAGELLATES,,,,,NO AGE GIVEN,398,SMACR0011,Macrora barbadensis (q),TRACE,  ,2,4f1868f93ee842a23b3008e145a71d2d,95-612-21-1
95,612,,21,1,100.0,101.0,174.20,175.21,18,BUKRY,,95,SILICOFLAGELLATES,,,,,NO AGE GIVEN,398,SMACR0030,Macrora stella,FEW,  ,2,0ba52e8a410569352de73037c26945bf,95-612-21-1
95,612,,21,1,100.0,101.0,174.20,175.21,18,BUKRY,,95,SILICOFLAGELLATES,,,,,NO AGE GIVEN,398,SNAVI0020,Naviculopsis biapiculata,TRACE,  ,2,bd154d94c1f14e318edacf41cdc6eac0,95-612-21-1
95,612,,21,1,100.0,101.0,174.20,175.21,18,BUKRY,,95,SILICOFLAGELLATES,,,,,NO AGE GIVEN,398,SNAVI0059,Naviculopsis constricta (semi-barred),COMMON,  ,2,f1586132063a042b62a1b673b984389b,95-612-21-1
95,612,,21,1,100.0,101.0,174.20,175.21,18,BUKRY,,95,SILICOFLAGELLATES,,,,,NO AGE GIVEN,398,SNAVI0060,Naviculopsis constricta,COMMON,  ,2,4d2489fe0835508d42e7e6c4ed2a9d8d,95-612-21-1
95,612,,21,1,100.0,101.0,174.20,175.21,18,BUKRY,,95,SILICOFLAGELLATES,,,,,NO AGE GIVEN,398,SNAVI0080,Naviculopsis foliacea,TRACE,  ,2,05b1c34cf828c4bee879925d75a98760,95-612-21-1
95,612,,21,3,100.0,101.0,174.20,178.21,19,BUKRY,,95,SILICOFLAGELLATES,,,,,NO AGE GIVEN,398,SBACH0010,Bachmannocena apiculata apiculata,TRACE,  ,1,3b07d23ee72e3fa4e21e7852a0011786,95-612-21-3
95,612,,21,3,100.0,101.0,174.20,178.21,19,BUKRY,,95,SILICOFLAGELLATES,,,,,NO AGE GIVEN,398,SBACH0040,Bachmannocena oamaruensis,RARE,  ,1,42fa618a589f4a36f1497dfc64dbeca3,95-612-21-3
95,612,,21,3,100.0,101.0,174.20,178.21,19,BUKRY,,95,SILICOFLAGELLATES,,,,,NO AGE GIVEN,398,SBACH0050,Bachmannocena paulschulzii,TRACE,  ,1,bf5d91b0480f42661b922d63cbfa92fd,95-612-21-3
95,612,,21,3,100.0,101.0,174.20,178.21,19,BUKRY,,95,SILICOFLAGELLATES,,,,,NO AGE GIVEN,398,SCORB0010,Corbisema apiculata,RARE,  ,1,922a9d034e9d58da91fd9775c1a84100,95-612-21-3
95,612,,21,3,100.0,101.0,174.20,178.21,19,BUKRY,,95,SILICOFLAGELLATES,,,,,NO AGE GIVEN,398,SCORB0032,Corbisema bimucronata bimucornata,TRACE,  ,1,7ee0c4a4fbbe83819624583c5119a7f8,95-612-21-3
95,612,,21,3,100.0,101.0,174.20,178.21,19,BUKRY,,95,SILICOFLAGELLATES,,,,,NO AGE GIVEN,398,SCORB0084,Corbisema ellipsis,PRESENT,  ,1,dbc37bd77039864c4c951dfc32808202,95-612-21-3
95,612,,21,3,100.0,101.0,174.20,178.21,19,BUKRY,,95,SILICOFLAGELLATES,,,,,NO AGE GIVEN,398,SCORB0195,Corbisema hastata miranda,COMMON,  ,1,aafb827db90c9c2043d67a4c6f3a5225,95-612-21-3
95,612,,21,3,100.0,101.0,174.20,178.21,19,BUKRY,,95,SILICOFLAGELLATES,,,,,NO AGE GIVEN,398,SCORB0352,Corbisema regina,FEW,  ,1,59a5b70061188ed449daf9cfa10507b5,95-612-21-3
95,612,,21,3,100.0,101.0,174.20,178.21,19,BUKRY,,95,SILICOFLAGELLATES,,,,,NO AGE GIVEN,398,SCORB0353,Corbisema regina (bar),FEW,  ,1,499a5d39770dc37dd672d4fdf0d736e4,95-612-21-3
95,612,,21,3,100.0,101.0,174.20,178.21,19,BUKRY,,95,SILICOFLAGELLATES,,,,,NO AGE GIVEN,398,SCORB0391,Corbisema triacantha mediana,COMMON,  ,1,7a72430aa101c6f310ed36d8bf8ce3b6,95-612-21-3
95,612,,21,3,100.0,101.0,174.20,178.21,19,BUKRY,,95,SILICOFLAGELLATES,,,,,NO AGE GIVEN,398,SDICT0104,Dictyocha byronalis,TRACE,  ,2,475f8b7f3ce1f70423844905944bd751,95-612-21-3
95,612,,21,3,100.0,101.0,174.20,178.21,19,BUKRY,,95,SILICOFLAGELLATES,,,,,NO AGE GIVEN,398,SDICT0355,Dictyocha hexacantha,COMMON,  ,2,72dc72819e185215ec75bf8c09d3dbb7,95-612-21-3
95,612,,21,3,100.0,101.0,174.20,178.21,19,BUKRY,,95,SILICOFLAGELLATES,,,,,NO AGE GIVEN,398,SDICT0705,Dictyocha sp. (asperioid),RARE,  ,2,a346b2ff7f781f5567140bbb1f599cf0,95-612-21-3
95,612,,21,3,100.0,101.0,174.20,178.21,19,BUKRY,,95,SILICOFLAGELLATES,,,,,NO AGE GIVEN,398,SDICT0706,Dictyocha sp. (fibuloid),RARE,  ,2,28ca00ad8517c989accb11af05f24108,95-612-21-3
95,612,,21,3,100.0,101.0,174.20,178.21,19,BUKRY,,95,SILICOFLAGELLATES,,,,,NO AGE GIVEN,398,SMACR0030,Macrora stella,FEW,  ,2,70ef23a6c5fcf04480b78cdb699e75f0,95-612-21-3
95,612,,21,3,100.0,101.0,174.20,178.21,19,BUKRY,,95,SILICOFLAGELLATES,,,,,NO AGE GIVEN,398,SNAVI0020,Naviculopsis biapiculata,FEW,  ,2,3b56e7356409f882809f567275f5135d,95-612-21-3
95,612,,21,3,100.0,101.0,174.20,178.21,19,BUKRY,,95,SILICOFLAGELLATES,,,,,NO AGE GIVEN,398,SNAVI0060,Naviculopsis constricta,COMMON,  ,2,bd205f8f9ec943ab44ecc2f7cde7d061,95-612-21-3
95,612,,21,3,100.0,101.0,174.20,178.21,19,BUKRY,,95,SILICOFLAGELLATES,,,,,NO AGE GIVEN,398,SNAVI0074,Naviculopsis eobiapiculata,RARE,  ,2,0a0a6bbda4d4f3d51a53bfc20f23cb17,95-612-21-3
95,612,,21,3,100.0,101.0,174.20,178.21,19,BUKRY,,95,SILICOFLAGELLATES,,,,,NO AGE GIVEN,398,SNAVI0080,Naviculopsis foliacea,TRACE,  ,2,7651c730a40d274a1b8994e2ead70832,95-612-21-3
95,612,,21,5,100.0,101.0,174.20,181.21,11,BUKRY,,95,SILICOFLAGELLATES,,,,,NO AGE GIVEN,398,SBACH0011,Bachmannocena apiculata apiculata (q),FEW,  ,1,fdb1743ea7401d2e939b14c83b982f29,95-612-21-5
95,612,,21,5,100.0,101.0,174.20,181.21,11,BUKRY,,95,SILICOFLAGELLATES,,,,,NO AGE GIVEN,398,SCORB0010,Corbisema apiculata,ABUNDANT,  ,1,be9b20c9a123152642dab7a4d6417b71,95-612-21-5
95,612,,21,5,100.0,101.0,174.20,181.21,11,BUKRY,,95,SILICOFLAGELLATES,,,,,NO AGE GIVEN,398,SCORB0032,Corbisema bimucronata bimucornata,RARE,  ,1,7abc6964de9fb4a029961e64a3167f37,95-612-21-5
95,612,,21,5,100.0,101.0,174.20,181.21,11,BUKRY,,95,SILICOFLAGELLATES,,,,,NO AGE GIVEN,398,SCORB0243,Corbisema inermis inermis (spines) (q),RARE,  ,1,fbaa9a48f326a7eac9a5ef66746d5ac7,95-612-21-5
95,612,,21,5,100.0,101.0,174.20,181.21,11,BUKRY,,95,SILICOFLAGELLATES,,,,,NO AGE GIVEN,398,SCORB0391,Corbisema triacantha mediana,COMMON,  ,1,d998dc75f9b6364ade82c89b5318e065,95-612-21-5
95,612,,21,5,100.0,101.0,174.20,181.21,11,BUKRY,,95,SILICOFLAGELLATES,,,,,NO AGE GIVEN,398,SDICT0105,Dictyocha byronalis (q),ABUNDANT,  ,1,03a3bf0051020420131bce0fb544a31d,95-612-21-5
95,612,,21,5,100.0,101.0,174.20,181.21,11,BUKRY,,95,SILICOFLAGELLATES,,,,,NO AGE GIVEN,398,SDICT0355,Dictyocha hexacantha,COMMON,  ,1,63497042d544a58409f4e0349bfccb31,95-612-21-5
95,612,,21,5,100.0,101.0,174.20,181.21,11,BUKRY,,95,SILICOFLAGELLATES,,,,,NO AGE GIVEN,398,SNAVI0020,Naviculopsis biapiculata,FEW,  ,1,225ee31ddb1be380922e46fdcef25e08,95-612-21-5
95,612,,21,5,100.0,101.0,174.20,181.21,11,BUKRY,,95,SILICOFLAGELLATES,,,,,NO AGE GIVEN,398,SNAVI0060,Naviculopsis constricta,COMMON,  ,1,b7f2e653fd7a93d04e524d0d9f63bcfb,95-612-21-5
95,612,,21,5,100.0,101.0,174.20,181.21,11,BUKRY,,95,SILICOFLAGELLATES,,,,,NO AGE GIVEN,398,SNAVI0265,Naviculopsis sp.,RARE,  ,1,bf36a515451111f49a17e50b20527232,95-612-21-5
95,612,,21,5,100.0,101.0,174.20,181.21,11,BUKRY,,95,SILICOFLAGELLATES,,,,,NO AGE GIVEN,398,SNAVI0270,Naviculopsis trispinosa,RARE,  ,2,8d9e13c9cde60789ce2094aab9471667,95-612-21-5
95,612,,22,1,100.0,101.0,183.80,184.81,17,BUKRY,,95,SILICOFLAGELLATES,,,,,NO AGE GIVEN,397,SBACH0070,Bachmannocena venusta,TRACE,  ,1,c36572663aff5b6141197bb09101bfc1,95-612-22-1
95,612,,22,1,100.0,101.0,183.80,184.81,17,BUKRY,,95,SILICOFLAGELLATES,,,,,NO AGE GIVEN,397,SCORB0010,Corbisema apiculata,TRACE,  ,1,63e2df987a365779a01d0baeb9cabbef,95-612-22-1
95,612,,22,1,100.0,101.0,183.80,184.81,17,BUKRY,,95,SILICOFLAGELLATES,,,,,NO AGE GIVEN,397,SCORB0084,Corbisema ellipsis,TRACE,  ,1,84f82049e1a35316a4a416cbacc966d0,95-612-22-1
95,612,,22,1,100.0,101.0,183.80,184.81,17,BUKRY,,95,SILICOFLAGELLATES,,,,,NO AGE GIVEN,397,SCORB0195,Corbisema hastata miranda,TRACE,  ,1,6edc87a2a49eae7ac6938c5a723f45f8,95-612-22-1
95,612,,22,1,100.0,101.0,183.80,184.81,17,BUKRY,,95,SILICOFLAGELLATES,,,,,NO AGE GIVEN,397,SCORB0216,Corbisema inermis ballantina,TRACE,  ,1,da9e2e64b171a4eaf5f524c0d4d9bc95,95-612-22-1
95,612,,22,1,100.0,101.0,183.80,184.81,17,BUKRY,,95,SILICOFLAGELLATES,,,,,NO AGE GIVEN,397,SCORB0240,Corbisema inermis inermis,TRACE,  ,1,68e17410bda1bf147ac325b8e2bef941,95-612-22-1
95,612,,22,1,100.0,101.0,183.80,184.81,17,BUKRY,,95,SILICOFLAGELLATES,,,,,NO AGE GIVEN,397,SCORB0243,Corbisema inermis inermis (spines) (q),TRACE,  ,1,f584d8f44bd3465fea4825c3f496fa3a,95-612-22-1
95,612,,22,1,100.0,101.0,183.80,184.81,17,BUKRY,,95,SILICOFLAGELLATES,,,,,NO AGE GIVEN,397,SCORB0250,Corbisema inermis minor,TRACE,  ,1,7be6fdba7191ed636f2fdcf8dff78cde,95-612-22-1
95,612,,22,1,100.0,101.0,183.80,184.81,17,BUKRY,,95,SILICOFLAGELLATES,,,,,NO AGE GIVEN,397,SCORB0352,Corbisema regina,RARE,  ,1,ea7bbdd823ccdfa7b50dfb668c294894,95-612-22-1
95,612,,22,1,100.0,101.0,183.80,184.81,17,BUKRY,,95,SILICOFLAGELLATES,,,,,NO AGE GIVEN,397,SCORB0353,Corbisema regina (bar),TRACE,  ,1,91263b2d645c07e5a4ea1bd55edad8e7,95-612-22-1
95,612,,22,1,100.0,101.0,183.80,184.81,17,BUKRY,,95,SILICOFLAGELLATES,,,,,NO AGE GIVEN,397,SDICT0104,Dictyocha byronalis,FEW,  ,2,7c0ddbeeef2d29e70d9a95a55b765972,95-612-22-1
95,612,,22,1,100.0,101.0,183.80,184.81,17,BUKRY,,95,SILICOFLAGELLATES,,,,,NO AGE GIVEN,397,SDICT0355,Dictyocha hexacantha,TRACE,  ,2,b1e07c244d5fb4d0a8755b022886db0e,95-612-22-1
95,612,,22,1,100.0,101.0,183.80,184.81,17,BUKRY,,95,SILICOFLAGELLATES,,,,,NO AGE GIVEN,397,SDIST0114,Distephanus crux (s.ampl.),TRACE,  ,2,b9e68297bdadce2bf87357843359ec4f,95-612-22-1
95,612,,22,1,100.0,101.0,183.80,184.81,17,BUKRY,,95,SILICOFLAGELLATES,,,,,NO AGE GIVEN,397,SDIST0351,Distephanus quinquangellus (q),TRACE,  ,2,54edc279766d087eb959edb8a6f0c130,95-612-22-1
95,612,,22,1,100.0,101.0,183.80,184.81,17,BUKRY,,95,SILICOFLAGELLATES,,,,,NO AGE GIVEN,397,SMACR0010,Macrora barbadensis,COMMON,  ,2,ebcfa6e4139245a5a643b28448ec6105,95-612-22-1
95,612,,22,1,100.0,101.0,183.80,184.81,17,BUKRY,,95,SILICOFLAGELLATES,,,,,NO AGE GIVEN,397,SNAVI0060,Naviculopsis constricta,FEW,  ,2,c24cbd55244f04ccd6500049fecc197d,95-612-22-1
95,612,,22,1,100.0,101.0,183.80,184.81,17,BUKRY,,95,SILICOFLAGELLATES,,,,,NO AGE GIVEN,397,SNAVI0080,Naviculopsis foliacea,COMMON,  ,2,d05298a56fac36ad68c4303848fd0a62,95-612-22-1
95,612,,22,3,100.0,101.0,183.80,187.81,14,BUKRY,,95,SILICOFLAGELLATES,,,,,NO AGE GIVEN,397,SBACH0040,Bachmannocena oamaruensis,TRACE,  ,1,6313b7248638fdf82b684dd79370a000,95-612-22-3
95,612,,22,3,100.0,101.0,183.80,187.81,14,BUKRY,,95,SILICOFLAGELLATES,,,,,NO AGE GIVEN,397,SCORB0084,Corbisema ellipsis,TRACE,  ,1,c0bc7c299ba01f13547e45153a7c0815,95-612-22-3
95,612,,22,3,100.0,101.0,183.80,187.81,14,BUKRY,,95,SILICOFLAGELLATES,,,,,NO AGE GIVEN,397,SCORB0170,Corbisema hastata globulata,TRACE,  ,1,000d44daac05b2b3f8ad4c5f6f66f2cf,95-612-22-3
95,612,,22,3,100.0,101.0,183.80,187.81,14,BUKRY,,95,SILICOFLAGELLATES,,,,,NO AGE GIVEN,397,SCORB0256,Corbisema jerseyensis,TRACE,  ,1,152d4ff78fec6738d411e915422baad4,95-612-22-3
95,612,,22,3,100.0,101.0,183.80,187.81,14,BUKRY,,95,SILICOFLAGELLATES,,,,,NO AGE GIVEN,397,SCORB0352,Corbisema regina,RARE,  ,1,c2387edcc38c9de24dc060a25ca7531c,95-612-22-3
95,612,,22,3,100.0,101.0,183.80,187.81,14,BUKRY,,95,SILICOFLAGELLATES,,,,,NO AGE GIVEN,397,SCORB0353,Corbisema regina (bar),FEW,  ,1,eadd5a78ba5b39769053ac67a4fb80da,95-612-22-3
95,612,,22,3,100.0,101.0,183.80,187.81,14,BUKRY,,95,SILICOFLAGELLATES,,,,,NO AGE GIVEN,397,SDICT0104,Dictyocha byronalis,FEW,  ,1,1d5503b9128e7039138db5c5daf1faf4,95-612-22-3
95,612,,22,3,100.0,101.0,183.80,187.81,14,BUKRY,,95,SILICOFLAGELLATES,,,,,NO AGE GIVEN,397,SDICT0660,Dictyocha spinosa,TRACE,  ,1,8ed43b8b5408363c0011d72b603fb94d,95-612-22-3
95,612,,22,3,100.0,101.0,183.80,187.81,14,BUKRY,,95,SILICOFLAGELLATES,,,,,NO AGE GIVEN,397,SDIST0351,Distephanus quinquangellus (q),TRACE,  ,1,b2f3bae8a1f23eaa3121543822b38354,95-612-22-3
95,612,,22,3,100.0,101.0,183.80,187.81,14,BUKRY,,95,SILICOFLAGELLATES,,,,,NO AGE GIVEN,397,SDIST0414,Distephanus sp.,TRACE,  ,1,cfc0523cb9bcadcba12cf02d87bd6f6f,95-612-22-3
95,612,,22,3,100.0,101.0,183.80,187.81,14,BUKRY,,95,SILICOFLAGELLATES,,,,,NO AGE GIVEN,397,SMACR0010,Macrora barbadensis,ABUNDANT,  ,2,16790becd4ae2694224dee1cb7203f3a,95-612-22-3
95,612,,22,3,100.0,101.0,183.80,187.81,14,BUKRY,,95,SILICOFLAGELLATES,,,,,NO AGE GIVEN,397,SMACR0020,Macrora najae,TRACE,  ,2,aa214155e21b4ad915e55d22402c7579,95-612-22-3
95,612,,22,3,100.0,101.0,183.80,187.81,14,BUKRY,,95,SILICOFLAGELLATES,,,,,NO AGE GIVEN,397,SNAVI0060,Naviculopsis constricta,FEW,  ,2,96ce77250aef17f94de0a767d1191d9c,95-612-22-3
95,612,,22,3,100.0,101.0,183.80,187.81,14,BUKRY,,95,SILICOFLAGELLATES,,,,,NO AGE GIVEN,397,SNAVI0080,Naviculopsis foliacea,COMMON,  ,2,c7fa81f478585e965e1708a35b4d5b3a,95-612-22-3
95,612,,22,5,100.0,101.0,183.80,190.81,16,BUKRY,,95,SILICOFLAGELLATES,,,,,NO AGE GIVEN,397,SBACH0040,Bachmannocena oamaruensis,TRACE,  ,1,a06bdba05742ae24c95216f4aff4e90d,95-612-22-5
95,612,,22,5,100.0,101.0,183.80,190.81,16,BUKRY,,95,SILICOFLAGELLATES,,,,,NO AGE GIVEN,397,SBACH0070,Bachmannocena venusta,TRACE,  ,1,d24042684bea61a7186e8ce631d08f79,95-612-22-5
95,612,,22,5,100.0,101.0,183.80,190.81,16,BUKRY,,95,SILICOFLAGELLATES,,,,,NO AGE GIVEN,397,SCORB0008,Corbisema angularis,TRACE,  ,1,08b5eb3838d9851db3489712be16e022,95-612-22-5
95,612,,22,5,100.0,101.0,183.80,190.81,16,BUKRY,,95,SILICOFLAGELLATES,,,,,NO AGE GIVEN,397,SCORB0032,Corbisema bimucronata bimucornata,TRACE,  ,1,33cdbc14fadb3adadfe2e6ed853e385a,95-612-22-5
95,612,,22,5,100.0,101.0,183.80,190.81,16,BUKRY,,95,SILICOFLAGELLATES,,,,,NO AGE GIVEN,397,SCORB0084,Corbisema ellipsis,TRACE,  ,1,4236b7d8ed735b9c3047c033b9fba5bb,95-612-22-5
95,612,,22,5,100.0,101.0,183.80,190.81,16,BUKRY,,95,SILICOFLAGELLATES,,,,,NO AGE GIVEN,397,SCORB0216,Corbisema inermis ballantina,TRACE,  ,1,2e9182675246b29871f770fec9edd985,95-612-22-5
95,612,,22,5,100.0,101.0,183.80,190.81,16,BUKRY,,95,SILICOFLAGELLATES,,,,,NO AGE GIVEN,397,SCORB0243,Corbisema inermis inermis (spines) (q),TRACE,  ,1,4b9696c20a32ce3660810a1ebd0020d1,95-612-22-5
95,612,,22,5,100.0,101.0,183.80,190.81,16,BUKRY,,95,SILICOFLAGELLATES,,,,,NO AGE GIVEN,397,SCORB0352,Corbisema regina,COMMON,  ,1,f1d755682b7d1ded6e638883d33f3ad9,95-612-22-5
95,612,,22,5,100.0,101.0,183.80,190.81,16,BUKRY,,95,SILICOFLAGELLATES,,,,,NO AGE GIVEN,397,SCORB0353,Corbisema regina (bar),RARE,  ,1,c802aea9d354e09aa07cf549a181f14a,95-612-22-5
95,612,,22,5,100.0,101.0,183.80,190.81,16,BUKRY,,95,SILICOFLAGELLATES,,,,,NO AGE GIVEN,397,SDICT0104,Dictyocha byronalis,COMMON,  ,1,2899d6f85c9a612912c8a2fc5a14b7f6,95-612-22-5
95,612,,22,5,100.0,101.0,183.80,190.81,16,BUKRY,,95,SILICOFLAGELLATES,,,,,NO AGE GIVEN,397,SDICT0355,Dictyocha hexacantha,TRACE,  ,2,6888307f8b6f5aa84428c529f2ff2982,95-612-22-5
95,612,,22,5,100.0,101.0,183.80,190.81,16,BUKRY,,95,SILICOFLAGELLATES,,,,,NO AGE GIVEN,397,SDICT0660,Dictyocha spinosa,TRACE,  ,2,e08422a31e2b39e60a4c50374e41b349,95-612-22-5
95,612,,22,5,100.0,101.0,183.80,190.81,16,BUKRY,,95,SILICOFLAGELLATES,,,,,NO AGE GIVEN,397,SDIST0351,Distephanus quinquangellus (q),RARE,  ,2,581afa548d82cca3d574c358e63ac552,95-612-22-5
95,612,,22,5,100.0,101.0,183.80,190.81,16,BUKRY,,95,SILICOFLAGELLATES,,,,,NO AGE GIVEN,397,SMACR0010,Macrora barbadensis,COMMON,  ,2,f7d0783dfee6b058208a6df7187f9fde,95-612-22-5
95,612,,22,5,100.0,101.0,183.80,190.81,16,BUKRY,,95,SILICOFLAGELLATES,,,,,NO AGE GIVEN,397,SNAVI0060,Naviculopsis constricta,COMMON,  ,2,0e568600824ff326accfeec862f756e5,95-612-22-5
95,612,,22,5,100.0,101.0,183.80,190.81,16,BUKRY,,95,SILICOFLAGELLATES,,,,,NO AGE GIVEN,397,SNAVI0080,Naviculopsis foliacea,COMMON,  ,2,eb1d30a4ab2d8fe3a5665c2c74c9ce68,95-612-22-5
95,612,,23,1,100.0,101.0,193.80,194.81,17,BUKRY,,95,SILICOFLAGELLATES,,,,,NO AGE GIVEN,397,SBACH0040,Bachmannocena oamaruensis,TRACE,  ,1,4024af7aff4fa8a6e3b851638744b0a3,95-612-23-1
95,612,,23,1,100.0,101.0,193.80,194.81,17,BUKRY,,95,SILICOFLAGELLATES,,,,,NO AGE GIVEN,397,SBACH0070,Bachmannocena venusta,TRACE,  ,1,57a67f9b923f8d3c2adc8ed1f2c44456,95-612-23-1
95,612,,23,1,100.0,101.0,193.80,194.81,17,BUKRY,,95,SILICOFLAGELLATES,,,,,NO AGE GIVEN,397,SCORB0170,Corbisema hastata globulata,TRACE,  ,1,ec9ab89e4c04d4fe6986cc0379e4ab62,95-612-23-1
95,612,,23,1,100.0,101.0,193.80,194.81,17,BUKRY,,95,SILICOFLAGELLATES,,,,,NO AGE GIVEN,397,SCORB0216,Corbisema inermis ballantina,TRACE,  ,1,743285a5bc7d58390b8f85efbb7fbdfe,95-612-23-1
95,612,,23,1,100.0,101.0,193.80,194.81,17,BUKRY,,95,SILICOFLAGELLATES,,,,,NO AGE GIVEN,397,SCORB0243,Corbisema inermis inermis (spines) (q),TRACE,  ,1,a5cb9412614eb33db7972fed3f882cf1,95-612-23-1
95,612,,23,1,100.0,101.0,193.80,194.81,17,BUKRY,,95,SILICOFLAGELLATES,,,,,NO AGE GIVEN,397,SCORB0250,Corbisema inermis minor,TRACE,  ,1,65b296ff02966f47e936fd5ddf3afa28,95-612-23-1
95,612,,23,1,100.0,101.0,193.80,194.81,17,BUKRY,,95,SILICOFLAGELLATES,,,,,NO AGE GIVEN,397,SCORB0351,Corbisema recta (q),TRACE,  ,1,263ddacdd84d23c04d39dea4bb9f345e,95-612-23-1
95,612,,23,1,100.0,101.0,193.80,194.81,17,BUKRY,,95,SILICOFLAGELLATES,,,,,NO AGE GIVEN,397,SCORB0352,Corbisema regina,RARE,  ,1,94b1fb02b245c69f8632b06b92f78b36,95-612-23-1
95,612,,23,1,100.0,101.0,193.80,194.81,17,BUKRY,,95,SILICOFLAGELLATES,,,,,NO AGE GIVEN,397,SCORB0353,Corbisema regina (bar),TRACE,  ,1,5c92ef89660a18350079355e0e4249d1,95-612-23-1
95,612,,23,1,100.0,101.0,193.80,194.81,17,BUKRY,,95,SILICOFLAGELLATES,,,,,NO AGE GIVEN,397,SDICT0104,Dictyocha byronalis,COMMON,  ,1,359dfd724b3e72d09b93569aa1ce365f,95-612-23-1
95,612,,23,1,100.0,101.0,193.80,194.81,17,BUKRY,,95,SILICOFLAGELLATES,,,,,NO AGE GIVEN,397,SDICT0355,Dictyocha hexacantha,TRACE,  ,2,6aa076accb1a7cecc9cd193b759b9eed,95-612-23-1
95,612,,23,1,100.0,101.0,193.80,194.81,17,BUKRY,,95,SILICOFLAGELLATES,,,,,NO AGE GIVEN,397,SDICT0660,Dictyocha spinosa,TRACE,  ,2,8207d21975fb81c66dc0c899251bf00b,95-612-23-1
95,612,,23,1,100.0,101.0,193.80,194.81,17,BUKRY,,95,SILICOFLAGELLATES,,,,,NO AGE GIVEN,397,SDIST0414,Distephanus sp.,TRACE,  ,2,e89cc2c18d921b86f24bd7105231cf8a,95-612-23-1
95,612,,23,1,100.0,101.0,193.80,194.81,17,BUKRY,,95,SILICOFLAGELLATES,,,,,NO AGE GIVEN,397,SMACR0010,Macrora barbadensis,COMMON,  ,2,31a2cf2c30bc703437721ede55b79527,95-612-23-1
95,612,,23,1,100.0,101.0,193.80,194.81,17,BUKRY,,95,SILICOFLAGELLATES,,,,,NO AGE GIVEN,397,SMACR0020,Macrora najae,TRACE,  ,2,8b40f2868c226de486974e2de5d6562e,95-612-23-1
95,612,,23,1,100.0,101.0,193.80,194.81,17,BUKRY,,95,SILICOFLAGELLATES,,,,,NO AGE GIVEN,397,SNAVI0060,Naviculopsis constricta,FEW,  ,2,8e361ebbb2091e6ee2a717b70adbe44e,95-612-23-1
95,612,,23,1,100.0,101.0,193.80,194.81,17,BUKRY,,95,SILICOFLAGELLATES,,,,,NO AGE GIVEN,397,SNAVI0080,Naviculopsis foliacea,FEW,  ,2,81a152010930ff877cc94e37bd5d75aa,95-612-23-1
95,612,,23,3,100.0,101.0,193.80,197.81,14,BUKRY,,95,SILICOFLAGELLATES,,,,,NO AGE GIVEN,397,SBACH0040,Bachmannocena oamaruensis,TRACE,  ,1,05f755950be1652a40199b61686d86dc,95-612-23-3
95,612,,23,3,100.0,101.0,193.80,197.81,14,BUKRY,,95,SILICOFLAGELLATES,,,,,NO AGE GIVEN,397,SCORB0032,Corbisema bimucronata bimucornata,TRACE,  ,1,be7864276bf5352deea676b69eb0e347,95-612-23-3
95,612,,23,3,100.0,101.0,193.80,197.81,14,BUKRY,,95,SILICOFLAGELLATES,,,,,NO AGE GIVEN,397,SCORB0243,Corbisema inermis inermis (spines) (q),TRACE,  ,1,a3800e68e4ec7b05673299778758720a,95-612-23-3
95,612,,23,3,100.0,101.0,193.80,197.81,14,BUKRY,,95,SILICOFLAGELLATES,,,,,NO AGE GIVEN,397,SCORB0270,Corbisema lamellifera,TRACE,  ,1,74a14ee364ee48c30c6220ec5195fe01,95-612-23-3
95,612,,23,3,100.0,101.0,193.80,197.81,14,BUKRY,,95,SILICOFLAGELLATES,,,,,NO AGE GIVEN,397,SCORB0352,Corbisema regina,TRACE,  ,1,10fe2f28c3fa8fccafcd39580dd4e4c9,95-612-23-3
95,612,,23,3,100.0,101.0,193.80,197.81,14,BUKRY,,95,SILICOFLAGELLATES,,,,,NO AGE GIVEN,397,SCORB0353,Corbisema regina (bar),FEW,  ,1,ff6a955b603db15909bba180a6f9ae70,95-612-23-3
95,612,,23,3,100.0,101.0,193.80,197.81,14,BUKRY,,95,SILICOFLAGELLATES,,,,,NO AGE GIVEN,397,SDICT0104,Dictyocha byronalis,TRACE,  ,1,265fbd567439d33d057f3d075cc0faeb,95-612-23-3
95,612,,23,3,100.0,101.0,193.80,197.81,14,BUKRY,,95,SILICOFLAGELLATES,,,,,NO AGE GIVEN,397,SDICT0355,Dictyocha hexacantha,TRACE,  ,1,8fa60a276c7b85ef542e675b40210901,95-612-23-3
95,612,,23,3,100.0,101.0,193.80,197.81,14,BUKRY,,95,SILICOFLAGELLATES,,,,,NO AGE GIVEN,397,SDICT0660,Dictyocha spinosa,TRACE,  ,1,901fe07dac5f9ed8f52c8fa23e0473cd,95-612-23-3
95,612,,23,3,100.0,101.0,193.80,197.81,14,BUKRY,,95,SILICOFLAGELLATES,,,,,NO AGE GIVEN,397,SDIST0351,Distephanus quinquangellus (q),TRACE,  ,1,890813630252bd2b0238493854520590,95-612-23-3
95,612,,23,3,100.0,101.0,193.80,197.81,14,BUKRY,,95,SILICOFLAGELLATES,,,,,NO AGE GIVEN,397,SMACR0010,Macrora barbadensis,COMMON,  ,2,80e5a03207e3a7b3e300253faaf4d976,95-612-23-3
95,612,,23,3,100.0,101.0,193.80,197.81,14,BUKRY,,95,SILICOFLAGELLATES,,,,,NO AGE GIVEN,397,SMACR0020,Macrora najae,TRACE,  ,2,de5f7feb19b4f531d4e1d5a98b14aa31,95-612-23-3
95,612,,23,3,100.0,101.0,193.80,197.81,14,BUKRY,,95,SILICOFLAGELLATES,,,,,NO AGE GIVEN,397,SNAVI0060,Naviculopsis constricta,RARE,  ,2,1fbed92ddfec9193a5c26823e5c1d3cd,95-612-23-3
95,612,,23,3,100.0,101.0,193.80,197.81,14,BUKRY,,95,SILICOFLAGELLATES,,,,,NO AGE GIVEN,397,SNAVI0080,Naviculopsis foliacea,FEW,  ,2,f74ad19d1d498534629934ac236a361f,95-612-23-3
95,612,,23,5,100.0,101.0,193.80,200.81,14,BUKRY,,95,SILICOFLAGELLATES,,,,,NO AGE GIVEN,397,SBACH0040,Bachmannocena oamaruensis,TRACE,  ,1,3bce0b87354edcb9407a5929c92b1acb,95-612-23-5
95,612,,23,5,100.0,101.0,193.80,200.81,14,BUKRY,,95,SILICOFLAGELLATES,,,,,NO AGE GIVEN,397,SBACH0070,Bachmannocena venusta,TRACE,  ,1,e4491322807afb604799ddb9068e1fec,95-612-23-5
95,612,,23,5,100.0,101.0,193.80,200.81,14,BUKRY,,95,SILICOFLAGELLATES,,,,,NO AGE GIVEN,397,SCORB0010,Corbisema apiculata,RARE,  ,1,d2a7073082b890f2d5bb963fa383822a,95-612-23-5
95,612,,23,5,100.0,101.0,193.80,200.81,14,BUKRY,,95,SILICOFLAGELLATES,,,,,NO AGE GIVEN,397,SCORB0032,Corbisema bimucronata bimucornata,TRACE,  ,1,e83a15827baec441b814ad2d7d239598,95-612-23-5
95,612,,23,5,100.0,101.0,193.80,200.81,14,BUKRY,,95,SILICOFLAGELLATES,,,,,NO AGE GIVEN,397,SCORB0352,Corbisema regina,TRACE,  ,1,fd3fe839a55f1d18983b3120f438445a,95-612-23-5
95,612,,23,5,100.0,101.0,193.80,200.81,14,BUKRY,,95,SILICOFLAGELLATES,,,,,NO AGE GIVEN,397,SCORB0353,Corbisema regina (bar),TRACE,  ,1,c8aceeaa13e1183264eed1dee6689257,95-612-23-5
95,612,,23,5,100.0,101.0,193.80,200.81,14,BUKRY,,95,SILICOFLAGELLATES,,,,,NO AGE GIVEN,397,SCORB0354,Corbisema sp.,TRACE,  ,1,a262263340a74be64a9a4aa0f9060092,95-612-23-5
95,612,,23,5,100.0,101.0,193.80,200.81,14,BUKRY,,95,SILICOFLAGELLATES,,,,,NO AGE GIVEN,397,SDICT0104,Dictyocha byronalis,COMMON,  ,1,0865ff51802489f15d1ce6f931c26e3c,95-612-23-5
95,612,,23,5,100.0,101.0,193.80,200.81,14,BUKRY,,95,SILICOFLAGELLATES,,,,,NO AGE GIVEN,397,SDICT0355,Dictyocha hexacantha,RARE,  ,1,8f78cf470f236014dbdadc25272605d6,95-612-23-5
95,612,,23,5,100.0,101.0,193.80,200.81,14,BUKRY,,95,SILICOFLAGELLATES,,,,,NO AGE GIVEN,397,SDICT0660,Dictyocha spinosa,TRACE,  ,1,df35c6c10de98e628dd2e20fbe549521,95-612-23-5
95,612,,23,5,100.0,101.0,193.80,200.81,14,BUKRY,,95,SILICOFLAGELLATES,,,,,NO AGE GIVEN,397,SDICT0706,Dictyocha sp. (fibuloid),TRACE,  ,2,a09fd64d90c715610bba303180fd39e9,95-612-23-5
95,612,,23,5,100.0,101.0,193.80,200.81,14,BUKRY,,95,SILICOFLAGELLATES,,,,,NO AGE GIVEN,397,SMACR0010,Macrora barbadensis,COMMON,  ,2,c826dfc144ba6b24cc247b35b70c7dc1,95-612-23-5
95,612,,23,5,100.0,101.0,193.80,200.81,14,BUKRY,,95,SILICOFLAGELLATES,,,,,NO AGE GIVEN,397,SNAVI0060,Naviculopsis constricta,COMMON,  ,2,9be01f52bd6b3fe859c3343c50763ace,95-612-23-5
95,612,,23,5,100.0,101.0,193.80,200.81,14,BUKRY,,95,SILICOFLAGELLATES,,,,,NO AGE GIVEN,397,SNAVI0080,Naviculopsis foliacea,COMMON,  ,2,7ac010b0c0eff0033886ef31eaf0a8c2,95-612-23-5
95,612,,24,1,100.0,101.0,203.00,204.01,16,BUKRY,,95,SILICOFLAGELLATES,,,,,NO AGE GIVEN,397,SBACH0040,Bachmannocena oamaruensis,TRACE,  ,1,f6c55b91fc4cf000c913eacdaf0eae65,95-612-24-1
95,612,,24,1,100.0,101.0,203.00,204.01,16,BUKRY,,95,SILICOFLAGELLATES,,,,,NO AGE GIVEN,397,SBACH0070,Bachmannocena venusta,TRACE,  ,1,c06d7a36c20709093129a589fd35c335,95-612-24-1
95,612,,24,1,100.0,101.0,203.00,204.01,16,BUKRY,,95,SILICOFLAGELLATES,,,,,NO AGE GIVEN,397,SCORB0010,Corbisema apiculata,TRACE,  ,1,2e80ec3ab0b2494187fa6cff67290a8c,95-612-24-1
95,612,,24,1,100.0,101.0,203.00,204.01,16,BUKRY,,95,SILICOFLAGELLATES,,,,,NO AGE GIVEN,397,SCORB0032,Corbisema bimucronata bimucornata,TRACE,  ,1,442b978b4f1d37efc40c8372c12aa49b,95-612-24-1
95,612,,24,1,100.0,101.0,203.00,204.01,16,BUKRY,,95,SILICOFLAGELLATES,,,,,NO AGE GIVEN,397,SCORB0088,Corbisema exilis,TRACE,  ,1,0e45c0fbf3d86aed5472be76de411f38,95-612-24-1
95,612,,24,1,100.0,101.0,203.00,204.01,16,BUKRY,,95,SILICOFLAGELLATES,,,,,NO AGE GIVEN,397,SCORB0216,Corbisema inermis ballantina,TRACE,  ,1,6400270ddf050a75169523459995c241,95-612-24-1
95,612,,24,1,100.0,101.0,203.00,204.01,16,BUKRY,,95,SILICOFLAGELLATES,,,,,NO AGE GIVEN,397,SCORB0240,Corbisema inermis inermis,TRACE,  ,1,3220c781e106380a7f13ae52710a9a4b,95-612-24-1
95,612,,24,1,100.0,101.0,203.00,204.01,16,BUKRY,,95,SILICOFLAGELLATES,,,,,NO AGE GIVEN,397,SCORB0352,Corbisema regina,FEW,  ,1,4d32503ffe3c907e3af364df68e60dc9,95-612-24-1
95,612,,24,1,100.0,101.0,203.00,204.01,16,BUKRY,,95,SILICOFLAGELLATES,,,,,NO AGE GIVEN,397,SCORB0353,Corbisema regina (bar),RARE,  ,1,0407fd9a7f29639e055bcdc3d92a6f6e,95-612-24-1
95,612,,24,1,100.0,101.0,203.00,204.01,16,BUKRY,,95,SILICOFLAGELLATES,,,,,NO AGE GIVEN,397,SCORB0354,Corbisema sp.,TRACE,  ,1,a8367d5ff52e938da79145dc0216c400,95-612-24-1
95,612,,24,1,100.0,101.0,203.00,204.01,16,BUKRY,,95,SILICOFLAGELLATES,,,,,NO AGE GIVEN,397,SDICT0104,Dictyocha byronalis,FEW,  ,2,b21478f06ca7de78dc28c342ad28795b,95-612-24-1
95,612,,24,1,100.0,101.0,203.00,204.01,16,BUKRY,,95,SILICOFLAGELLATES,,,,,NO AGE GIVEN,397,SDICT0355,Dictyocha hexacantha,RARE,  ,2,7715d7c55d61b25ade5bb9d61fa27837,95-612-24-1
95,612,,24,1,100.0,101.0,203.00,204.01,16,BUKRY,,95,SILICOFLAGELLATES,,,,,NO AGE GIVEN,397,SMACR0010,Macrora barbadensis,COMMON,  ,2,6d8c55ea2cd9d06b69ba4a1aafe9fc22,95-612-24-1
95,612,,24,1,100.0,101.0,203.00,204.01,16,BUKRY,,95,SILICOFLAGELLATES,,,,,NO AGE GIVEN,397,SNAVI0059,Naviculopsis constricta (semi-barred),TRACE,  ,2,9496e77efbec1b6d660c4e16ccbb2d52,95-612-24-1
95,612,,24,1,100.0,101.0,203.00,204.01,16,BUKRY,,95,SILICOFLAGELLATES,,,,,NO AGE GIVEN,397,SNAVI0060,Naviculopsis constricta,FEW,  ,2,e84e96a2391d6e15d2604023ef90e76f,95-612-24-1
95,612,,24,1,100.0,101.0,203.00,204.01,16,BUKRY,,95,SILICOFLAGELLATES,,,,,NO AGE GIVEN,397,SNAVI0080,Naviculopsis foliacea,COMMON,  ,2,902de9e1b504ff2359e7e48111f93d13,95-612-24-1
95,612,,24,5,100.0,101.0,203.00,210.01,10,BUKRY,,95,SILICOFLAGELLATES,,,,,NO AGE GIVEN,397,SBACH0070,Bachmannocena venusta,RARE,  ,1,f73bc504dcc064f3b2b36ae9475f9aa2,95-612-24-5
95,612,,24,5,100.0,101.0,203.00,210.01,10,BUKRY,,95,SILICOFLAGELLATES,,,,,NO AGE GIVEN,397,SBACH0071,Bachmannocena venusta (q),TRACE,  ,1,aa79a84cd087689dc7e71cf4c937391f,95-612-24-5
95,612,,24,5,100.0,101.0,203.00,210.01,10,BUKRY,,95,SILICOFLAGELLATES,,,,,NO AGE GIVEN,397,SCORB0240,Corbisema inermis inermis,TRACE,  ,1,6f83fc41d2040db041176143a83e494a,95-612-24-5
95,612,,24,5,100.0,101.0,203.00,210.01,10,BUKRY,,95,SILICOFLAGELLATES,,,,,NO AGE GIVEN,397,SCORB0352,Corbisema regina,COMMON,  ,1,c27aa684e2374057a8f65552646384a2,95-612-24-5
95,612,,24,5,100.0,101.0,203.00,210.01,10,BUKRY,,95,SILICOFLAGELLATES,,,,,NO AGE GIVEN,397,SDICT0104,Dictyocha byronalis,FEW,  ,1,88ae82536095e6c66fd2174c430ed2b2,95-612-24-5
95,612,,24,5,100.0,101.0,203.00,210.01,10,BUKRY,,95,SILICOFLAGELLATES,,,,,NO AGE GIVEN,397,SDICT0355,Dictyocha hexacantha,TRACE,  ,1,53044849929333a64a1c77586f07c813,95-612-24-5
95,612,,24,5,100.0,101.0,203.00,210.01,10,BUKRY,,95,SILICOFLAGELLATES,,,,,NO AGE GIVEN,397,SDICT0660,Dictyocha spinosa,TRACE,  ,1,46e9d99cef4a698e46b0b96986c25449,95-612-24-5
95,612,,24,5,100.0,101.0,203.00,210.01,10,BUKRY,,95,SILICOFLAGELLATES,,,,,NO AGE GIVEN,397,SMACR0010,Macrora barbadensis,ABUNDANT,  ,1,142499c6cb0be23a78a5a502ba0077cc,95-612-24-5
95,612,,24,5,100.0,101.0,203.00,210.01,10,BUKRY,,95,SILICOFLAGELLATES,,,,,NO AGE GIVEN,397,SNAVI0060,Naviculopsis constricta,RARE,  ,1,d7857bf2c9d651cdafe35dacb7dac124,95-612-24-5
95,612,,24,5,100.0,101.0,203.00,210.01,10,BUKRY,,95,SILICOFLAGELLATES,,,,,NO AGE GIVEN,397,SNAVI0080,Naviculopsis foliacea,ABUNDANT,  ,1,766d5f2fdc3042fca946f45b0c190205,95-612-24-5
95,612,,25,1,100.0,101.0,212.60,213.60,12,BUKRY,,95,SILICOFLAGELLATES,,,,,NO AGE GIVEN,397,SBACH0070,Bachmannocena venusta,TRACE,  ,1,96318bc22c89625cc817d6c251c23eac,95-612-25-1
95,612,,25,1,100.0,101.0,212.60,213.60,12,BUKRY,,95,SILICOFLAGELLATES,,,,,NO AGE GIVEN,397,SBACH0071,Bachmannocena venusta (q),TRACE,  ,1,0d89ac426a64eacda5be8d6ad9eccb1c,95-612-25-1
95,612,,25,1,100.0,101.0,212.60,213.60,12,BUKRY,,95,SILICOFLAGELLATES,,,,,NO AGE GIVEN,397,SCORB0240,Corbisema inermis inermis,TRACE,  ,1,1bec3e572ced10a9f11748ce0d3cbabc,95-612-25-1
95,612,,25,1,100.0,101.0,212.60,213.60,12,BUKRY,,95,SILICOFLAGELLATES,,,,,NO AGE GIVEN,397,SCORB0352,Corbisema regina,COMMON,  ,1,c635eb16708d78ec5d256e68b736945f,95-612-25-1
95,612,,25,1,100.0,101.0,212.60,213.60,12,BUKRY,,95,SILICOFLAGELLATES,,,,,NO AGE GIVEN,397,SCORB0353,Corbisema regina (bar),RARE,  ,1,a1240fa10f6822d0a305c502ca77b4cc,95-612-25-1
95,612,,25,1,100.0,101.0,212.60,213.60,12,BUKRY,,95,SILICOFLAGELLATES,,,,,NO AGE GIVEN,397,SCORB0354,Corbisema sp.,TRACE,  ,1,20822e0e051cb04c0f5d716751dae141,95-612-25-1
95,612,,25,1,100.0,101.0,212.60,213.60,12,BUKRY,,95,SILICOFLAGELLATES,,,,,NO AGE GIVEN,397,SDICT0104,Dictyocha byronalis,FEW,  ,1,dff0d216d580b8d3aa763b3a855ced14,95-612-25-1
95,612,,25,1,100.0,101.0,212.60,213.60,12,BUKRY,,95,SILICOFLAGELLATES,,,,,NO AGE GIVEN,397,SDICT0355,Dictyocha hexacantha,TRACE,  ,1,833dd5b501beaf297d7c14c1b655615f,95-612-25-1
95,612,,25,1,100.0,101.0,212.60,213.60,12,BUKRY,,95,SILICOFLAGELLATES,,,,,NO AGE GIVEN,397,SDICT0660,Dictyocha spinosa,TRACE,  ,1,52c3dfe37c43317dff912fa300dde8f8,95-612-25-1
95,612,,25,1,100.0,101.0,212.60,213.60,12,BUKRY,,95,SILICOFLAGELLATES,,,,,NO AGE GIVEN,397,SMACR0010,Macrora barbadensis,ABUNDANT,  ,1,7ef51983188f069ccc38aa36e96c6785,95-612-25-1
95,612,,25,1,100.0,101.0,212.60,213.60,12,BUKRY,,95,SILICOFLAGELLATES,,,,,NO AGE GIVEN,397,SNAVI0060,Naviculopsis constricta,RARE,  ,2,ac129de69b0e9bf009355ddc7beb8f06,95-612-25-1
95,612,,25,1,100.0,101.0,212.60,213.60,12,BUKRY,,95,SILICOFLAGELLATES,,,,,NO AGE GIVEN,397,SNAVI0080,Naviculopsis foliacea,COMMON,  ,2,140ed0542c0c7f47b7645b0f7d81ac25,95-612-25-1
95,612,,25,3,100.0,101.0,212.60,216.60, 9,BUKRY,,95,SILICOFLAGELLATES,,,,,NO AGE GIVEN,397,SBACH0001,Bachmannocena sp.,TRACE,  ,1,c664d9495a585068d23e1f069a68d73b,95-612-25-3
95,612,,25,3,100.0,101.0,212.60,216.60, 9,BUKRY,,95,SILICOFLAGELLATES,,,,,NO AGE GIVEN,397,SBACH0070,Bachmannocena venusta,TRACE,  ,1,3f46c9f11585507c4c43f9de39bf0b21,95-612-25-3
95,612,,25,3,100.0,101.0,212.60,216.60, 9,BUKRY,,95,SILICOFLAGELLATES,,,,,NO AGE GIVEN,397,SCORB0010,Corbisema apiculata,TRACE,  ,1,4aa168242ff470e7adb15d176bf6384f,95-612-25-3
95,612,,25,3,100.0,101.0,212.60,216.60, 9,BUKRY,,95,SILICOFLAGELLATES,,,,,NO AGE GIVEN,397,SCORB0352,Corbisema regina,COMMON,  ,1,796a153420132b50b871ea266d15a01b,95-612-25-3
95,612,,25,3,100.0,101.0,212.60,216.60, 9,BUKRY,,95,SILICOFLAGELLATES,,,,,NO AGE GIVEN,397,SDICT0104,Dictyocha byronalis,COMMON,  ,1,5f408cfc97f630867a009ed6613293e2,95-612-25-3
95,612,,25,3,100.0,101.0,212.60,216.60, 9,BUKRY,,95,SILICOFLAGELLATES,,,,,NO AGE GIVEN,397,SDICT0660,Dictyocha spinosa,TRACE,  ,1,a1ab241578736df0ee5688495e06c233,95-612-25-3
95,612,,25,3,100.0,101.0,212.60,216.60, 9,BUKRY,,95,SILICOFLAGELLATES,,,,,NO AGE GIVEN,397,SMACR0010,Macrora barbadensis,COMMON,  ,1,9a977ac0f58ef1aee92c1b60384d913f,95-612-25-3
95,612,,25,3,100.0,101.0,212.60,216.60, 9,BUKRY,,95,SILICOFLAGELLATES,,,,,NO AGE GIVEN,397,SNAVI0060,Naviculopsis constricta,FEW,  ,1,893cd6a2f92dc9a779ef6c0d10d6c589,95-612-25-3
95,612,,25,3,100.0,101.0,212.60,216.60, 9,BUKRY,,95,SILICOFLAGELLATES,,,,,NO AGE GIVEN,397,SNAVI0080,Naviculopsis foliacea,ABUNDANT,  ,1,f1964916aa9a3091f54b7c3c21958326,95-612-25-3
95,612,,25,5,100.0,101.0,212.60,219.60,12,BUKRY,,95,SILICOFLAGELLATES,,,,,NO AGE GIVEN,397,SBACH0070,Bachmannocena venusta,TRACE,  ,1,8c17e6869bdaec97e9d52883ac41042e,95-612-25-5
95,612,,25,5,100.0,101.0,212.60,219.60,12,BUKRY,,95,SILICOFLAGELLATES,,,,,NO AGE GIVEN,397,SBACH0071,Bachmannocena venusta (q),TRACE,  ,1,0890baede15a546311646abd88ed041f,95-612-25-5
95,612,,25,5,100.0,101.0,212.60,219.60,12,BUKRY,,95,SILICOFLAGELLATES,,,,,NO AGE GIVEN,397,SCORB0010,Corbisema apiculata,RARE,  ,1,bec542eb64d0c4581c92556fd69502ca,95-612-25-5
95,612,,25,5,100.0,101.0,212.60,219.60,12,BUKRY,,95,SILICOFLAGELLATES,,,,,NO AGE GIVEN,397,SCORB0243,Corbisema inermis inermis (spines) (q),TRACE,  ,1,51939536f297c105dbbd559cf73853d7,95-612-25-5
95,612,,25,5,100.0,101.0,212.60,219.60,12,BUKRY,,95,SILICOFLAGELLATES,,,,,NO AGE GIVEN,397,SCORB0250,Corbisema inermis minor,TRACE,  ,1,ae44c67da1b35c5080ab45bd53ea7c68,95-612-25-5
95,612,,25,5,100.0,101.0,212.60,219.60,12,BUKRY,,95,SILICOFLAGELLATES,,,,,NO AGE GIVEN,397,SCORB0352,Corbisema regina,FEW,  ,1,94f5ca2818a1b638fc35bc099e4a8bb6,95-612-25-5
95,612,,25,5,100.0,101.0,212.60,219.60,12,BUKRY,,95,SILICOFLAGELLATES,,,,,NO AGE GIVEN,397,SCORB0353,Corbisema regina (bar),TRACE,  ,1,61ccfd7f0f496a3e191fd4e2bc58f5cf,95-612-25-5
95,612,,25,5,100.0,101.0,212.60,219.60,12,BUKRY,,95,SILICOFLAGELLATES,,,,,NO AGE GIVEN,397,SDICT0104,Dictyocha byronalis,COMMON,  ,1,1c00ede629dea45ee00cf939d939ec2d,95-612-25-5
95,612,,25,5,100.0,101.0,212.60,219.60,12,BUKRY,,95,SILICOFLAGELLATES,,,,,NO AGE GIVEN,397,SDICT0660,Dictyocha spinosa,TRACE,  ,1,38b7b9114b48775a5439b8f039fcc123,95-612-25-5
95,612,,25,5,100.0,101.0,212.60,219.60,12,BUKRY,,95,SILICOFLAGELLATES,,,,,NO AGE GIVEN,397,SMACR0010,Macrora barbadensis,COMMON,  ,1,da65e9594595e09d69aaa45554bd6320,95-612-25-5
95,612,,25,5,100.0,101.0,212.60,219.60,12,BUKRY,,95,SILICOFLAGELLATES,,,,,NO AGE GIVEN,397,SNAVI0060,Naviculopsis constricta,ABUNDANT,  ,2,6653491c35074743e11dcd375b72cab0,95-612-25-5
95,612,,25,5,100.0,101.0,212.60,219.60,12,BUKRY,,95,SILICOFLAGELLATES,,,,,NO AGE GIVEN,397,SNAVI0080,Naviculopsis foliacea,COMMON,  ,2,d1858774194a522a817c20d8240ba319,95-612-25-5
95,612,,26,1,100.0,101.0,222.20,223.21,12,BUKRY,,95,SILICOFLAGELLATES,,,,,NO AGE GIVEN,397,SCORB0032,Corbisema bimucronata bimucornata,TRACE,  ,1,a471055d74e08118b3c09adbf28f03e0,95-612-26-1
95,612,,26,1,100.0,101.0,222.20,223.21,12,BUKRY,,95,SILICOFLAGELLATES,,,,,NO AGE GIVEN,397,SCORB0084,Corbisema ellipsis,TRACE,  ,1,ae7796fbe1e7ba5add8dbf47961f1b32,95-612-26-1
95,612,,26,1,100.0,101.0,222.20,223.21,12,BUKRY,,95,SILICOFLAGELLATES,,,,,NO AGE GIVEN,397,SCORB0170,Corbisema hastata globulata,TRACE,  ,1,6a274e1826cd97809b3c72f65fe43e07,95-612-26-1
95,612,,26,1,100.0,101.0,222.20,223.21,12,BUKRY,,95,SILICOFLAGELLATES,,,,,NO AGE GIVEN,397,SCORB0250,Corbisema inermis minor,TRACE,  ,1,e055309f10144959d3964fda4a25abbc,95-612-26-1
95,612,,26,1,100.0,101.0,222.20,223.21,12,BUKRY,,95,SILICOFLAGELLATES,,,,,NO AGE GIVEN,397,SCORB0352,Corbisema regina,COMMON,  ,1,43d097405ccb43db04de1a4489b632b3,95-612-26-1
95,612,,26,1,100.0,101.0,222.20,223.21,12,BUKRY,,95,SILICOFLAGELLATES,,,,,NO AGE GIVEN,397,SCORB0354,Corbisema sp.,TRACE,  ,1,6b52483fb73a8f65d8e8aff2ad7bfa49,95-612-26-1
95,612,,26,1,100.0,101.0,222.20,223.21,12,BUKRY,,95,SILICOFLAGELLATES,,,,,NO AGE GIVEN,397,SDICT0104,Dictyocha byronalis,COMMON,  ,1,e2b1f632160c8dd3b0deb5894b104293,95-612-26-1
95,612,,26,1,100.0,101.0,222.20,223.21,12,BUKRY,,95,SILICOFLAGELLATES,,,,,NO AGE GIVEN,397,SDICT0105,Dictyocha byronalis (q),TRACE,  ,1,2cbb77b5d77d8f395bae4b9f8ae1bf69,95-612-26-1
95,612,,26,1,100.0,101.0,222.20,223.21,12,BUKRY,,95,SILICOFLAGELLATES,,,,,NO AGE GIVEN,397,SDICT0660,Dictyocha spinosa,TRACE,  ,1,7f24c522666e661cd9cb61f793abc10f,95-612-26-1
95,612,,26,1,100.0,101.0,222.20,223.21,12,BUKRY,,95,SILICOFLAGELLATES,,,,,NO AGE GIVEN,397,SMACR0010,Macrora barbadensis,ABUNDANT,  ,1,621c1b33456dec0fb00794525c9a94be,95-612-26-1
95,612,,26,1,100.0,101.0,222.20,223.21,12,BUKRY,,95,SILICOFLAGELLATES,,,,,NO AGE GIVEN,397,SNAVI0060,Naviculopsis constricta,TRACE,  ,2,db9a84733d877e6fb3049d996c214bbb,95-612-26-1
95,612,,26,1,100.0,101.0,222.20,223.21,12,BUKRY,,95,SILICOFLAGELLATES,,,,,NO AGE GIVEN,397,SNAVI0080,Naviculopsis foliacea,COMMON,  ,2,8f502f72a543a32d1d9970eda3e101bc,95-612-26-1
95,612,,26,5,100.0,101.0,222.20,229.21, 8,BUKRY,,95,SILICOFLAGELLATES,,,,,NO AGE GIVEN,397,SBACH0001,Bachmannocena sp.,RARE,  ,1,9e5beb677c1edae4a305c5e5b28abd1c,95-612-26-5
95,612,,26,5,100.0,101.0,222.20,229.21, 8,BUKRY,,95,SILICOFLAGELLATES,,,,,NO AGE GIVEN,397,SBACH0070,Bachmannocena venusta,RARE,  ,1,21bede9f442ca5917e59e55cd3172f9c,95-612-26-5
95,612,,26,5,100.0,101.0,222.20,229.21, 8,BUKRY,,95,SILICOFLAGELLATES,,,,,NO AGE GIVEN,397,SBACH0071,Bachmannocena venusta (q),PRESENT,  ,1,8b5b782bda3560d350160002b0aa5f3b,95-612-26-5
95,612,,26,5,100.0,101.0,222.20,229.21, 8,BUKRY,,95,SILICOFLAGELLATES,,,,,NO AGE GIVEN,397,SCORB0352,Corbisema regina,COMMON,  ,1,e8ec1d7d0b5e9dd34718fc8a96661cb2,95-612-26-5
95,612,,26,5,100.0,101.0,222.20,229.21, 8,BUKRY,,95,SILICOFLAGELLATES,,,,,NO AGE GIVEN,397,SDICT0104,Dictyocha byronalis,COMMON,  ,1,b5f0ca51a7f86587ab8390922133971e,95-612-26-5
95,612,,26,5,100.0,101.0,222.20,229.21, 8,BUKRY,,95,SILICOFLAGELLATES,,,,,NO AGE GIVEN,397,SMACR0010,Macrora barbadensis,FEW,  ,1,9978654646ed67f834eb5581c0743b54,95-612-26-5
95,612,,26,5,100.0,101.0,222.20,229.21, 8,BUKRY,,95,SILICOFLAGELLATES,,,,,NO AGE GIVEN,397,SNAVI0060,Naviculopsis constricta,FEW,  ,1,cf00edad375c3adfc888322508585c31,95-612-26-5
95,612,,26,5,100.0,101.0,222.20,229.21, 8,BUKRY,,95,SILICOFLAGELLATES,,,,,NO AGE GIVEN,397,SNAVI0080,Naviculopsis foliacea,DOMINANT,  ,1,2f0e875a8906fa3182e1e496cf7b4559,95-612-26-5
95,612,,27,3,100.0,101.0,231.80,235.81,11,BUKRY,,95,SILICOFLAGELLATES,,,,,NO AGE GIVEN,397,SBACH0070,Bachmannocena venusta,TRACE,  ,1,5c665419aeece2b096d62a6a463f53db,95-612-27-3
95,612,,27,3,100.0,101.0,231.80,235.81,11,BUKRY,,95,SILICOFLAGELLATES,,,,,NO AGE GIVEN,397,SCORB0010,Corbisema apiculata,RARE,  ,1,00a85a94a4988e45fba87c64180c2718,95-612-27-3
95,612,,27,3,100.0,101.0,231.80,235.81,11,BUKRY,,95,SILICOFLAGELLATES,,,,,NO AGE GIVEN,397,SCORB0240,Corbisema inermis inermis,TRACE,  ,1,6015a18e1585249207c8a0095ead6ad1,95-612-27-3
95,612,,27,3,100.0,101.0,231.80,235.81,11,BUKRY,,95,SILICOFLAGELLATES,,,,,NO AGE GIVEN,397,SCORB0352,Corbisema regina,COMMON,  ,1,116045897e2ec2bd305c37369f55a5cf,95-612-27-3
95,612,,27,3,100.0,101.0,231.80,235.81,11,BUKRY,,95,SILICOFLAGELLATES,,,,,NO AGE GIVEN,397,SCORB0354,Corbisema sp.,TRACE,  ,1,fa8f5455961ea7f4f24d13f2c53a911b,95-612-27-3
95,612,,27,3,100.0,101.0,231.80,235.81,11,BUKRY,,95,SILICOFLAGELLATES,,,,,NO AGE GIVEN,397,SDICT0104,Dictyocha byronalis,ABUNDANT,  ,1,c8485b7e7d4662122a2780d24f677dbf,95-612-27-3
95,612,,27,3,100.0,101.0,231.80,235.81,11,BUKRY,,95,SILICOFLAGELLATES,,,,,NO AGE GIVEN,397,SDICT0660,Dictyocha spinosa,FEW,  ,1,8f95ad526fea32a88960cd396e5ed65b,95-612-27-3
95,612,,27,3,100.0,101.0,231.80,235.81,11,BUKRY,,95,SILICOFLAGELLATES,,,,,NO AGE GIVEN,397,SDICT0705,Dictyocha sp. (asperioid),TRACE,  ,1,c65120a2467a6ed5f331dca88199b287,95-612-27-3
95,612,,27,3,100.0,101.0,231.80,235.81,11,BUKRY,,95,SILICOFLAGELLATES,,,,,NO AGE GIVEN,397,SDIST0351,Distephanus quinquangellus (q),TRACE,  ,1,484de11c7dcdb7867639c0dab05f93d1,95-612-27-3
95,612,,27,3,100.0,101.0,231.80,235.81,11,BUKRY,,95,SILICOFLAGELLATES,,,,,NO AGE GIVEN,397,SNAVI0060,Naviculopsis constricta,TRACE,  ,1,b710b81fe556082588f9e8725ec26488,95-612-27-3
95,612,,27,3,100.0,101.0,231.80,235.81,11,BUKRY,,95,SILICOFLAGELLATES,,,,,NO AGE GIVEN,397,SNAVI0080,Naviculopsis foliacea,ABUNDANT,  ,2,5e39c6d19d4f09bde53f7820dff1dd53,95-612-27-3
95,612,,28,1,100.0,101.0,241.40,242.41,11,BUKRY,,95,SILICOFLAGELLATES,,,,,NO AGE GIVEN,397,SCORB0008,Corbisema angularis,RARE,  ,1,35c1291c3439431c1d55e0f9c5976336,95-612-28-1
95,612,,28,1,100.0,101.0,241.40,242.41,11,BUKRY,,95,SILICOFLAGELLATES,,,,,NO AGE GIVEN,397,SCORB0010,Corbisema apiculata,RARE,  ,1,2ec74c3f5432ff51af65679e83d3fd78,95-612-28-1
95,612,,28,1,100.0,101.0,241.40,242.41,11,BUKRY,,95,SILICOFLAGELLATES,,,,,NO AGE GIVEN,397,SCORB0240,Corbisema inermis inermis,TRACE,  ,1,fb4cc0aecd113211a23be295bbe24254,95-612-28-1
95,612,,28,1,100.0,101.0,241.40,242.41,11,BUKRY,,95,SILICOFLAGELLATES,,,,,NO AGE GIVEN,397,SCORB0352,Corbisema regina,ABUNDANT,  ,1,d027c1c4cfeff0786015ceb19e9ec9fb,95-612-28-1
95,612,,28,1,100.0,101.0,241.40,242.41,11,BUKRY,,95,SILICOFLAGELLATES,,,,,NO AGE GIVEN,397,SCORB0354,Corbisema sp.,FEW,  ,1,4f755fceef735a13494f2e9749dccad7,95-612-28-1
95,612,,28,1,100.0,101.0,241.40,242.41,11,BUKRY,,95,SILICOFLAGELLATES,,,,,NO AGE GIVEN,397,SCORB0393,Corbisema triacantha convexa,TRACE,  ,1,0d9c9b429ab48eee0a2a5c4e597c3f22,95-612-28-1
95,612,,28,1,100.0,101.0,241.40,242.41,11,BUKRY,,95,SILICOFLAGELLATES,,,,,NO AGE GIVEN,397,SDICT0104,Dictyocha byronalis,COMMON,  ,1,ec21e5b9ec43ac70485a03b69095b2d0,95-612-28-1
95,612,,28,1,100.0,101.0,241.40,242.41,11,BUKRY,,95,SILICOFLAGELLATES,,,,,NO AGE GIVEN,397,SDICT0660,Dictyocha spinosa,RARE,  ,1,9e6d783d71bd3f9cf7e68849e262a5b2,95-612-28-1
95,612,,28,1,100.0,101.0,241.40,242.41,11,BUKRY,,95,SILICOFLAGELLATES,,,,,NO AGE GIVEN,397,SDIST0351,Distephanus quinquangellus (q),RARE,  ,1,86044e7e93f0b8e2bc2f3748ebdd51a1,95-612-28-1
95,612,,28,1,100.0,101.0,241.40,242.41,11,BUKRY,,95,SILICOFLAGELLATES,,,,,NO AGE GIVEN,397,SMACR0010,Macrora barbadensis,TRACE,  ,1,880a1f22cfe6db03b4aae33cbdab7701,95-612-28-1
95,612,,28,1,100.0,101.0,241.40,242.41,11,BUKRY,,95,SILICOFLAGELLATES,,,,,NO AGE GIVEN,397,SNAVI0080,Naviculopsis foliacea,FEW,  ,2,a7b9f4a9b57dda88e8533f74b4e8e033,95-612-28-1
95,612,,28,5,100.0,101.0,241.40,248.41, 9,BUKRY,,95,SILICOFLAGELLATES,,,,,NO AGE GIVEN,397,SCORB0010,Corbisema apiculata,COMMON,  ,1,05dcd8b983745d662083daeb4b2f19bb,95-612-28-5
95,612,,28,5,100.0,101.0,241.40,248.41, 9,BUKRY,,95,SILICOFLAGELLATES,,,,,NO AGE GIVEN,397,SCORB0170,Corbisema hastata globulata,RARE,  ,1,61410d5b035f14cbb61d318a67850f13,95-612-28-5
95,612,,28,5,100.0,101.0,241.40,248.41, 9,BUKRY,,95,SILICOFLAGELLATES,,,,,NO AGE GIVEN,397,SCORB0352,Corbisema regina,COMMON,  ,1,822031548b6a705210319c7c432150dc,95-612-28-5
95,612,,28,5,100.0,101.0,241.40,248.41, 9,BUKRY,,95,SILICOFLAGELLATES,,,,,NO AGE GIVEN,397,SCORB0353,Corbisema regina (bar),FEW,  ,1,9d9177c6aa1b32564dad7ca56e57d7d7,95-612-28-5
95,612,,28,5,100.0,101.0,241.40,248.41, 9,BUKRY,,95,SILICOFLAGELLATES,,,,,NO AGE GIVEN,397,SDICT0104,Dictyocha byronalis,COMMON,  ,1,4221692f002f55ac06e3341151f396c5,95-612-28-5
95,612,,28,5,100.0,101.0,241.40,248.41, 9,BUKRY,,95,SILICOFLAGELLATES,,,,,NO AGE GIVEN,397,SDIST0351,Distephanus quinquangellus (q),FEW,  ,1,3e23161dfd0be9bc47ce9308d402cc0e,95-612-28-5
95,612,,28,5,100.0,101.0,241.40,248.41, 9,BUKRY,,95,SILICOFLAGELLATES,,,,,NO AGE GIVEN,397,SMACR0010,Macrora barbadensis,FEW,  ,1,a22b3b6c2dceaa9c81fc7d6e16317d19,95-612-28-5
95,612,,28,5,100.0,101.0,241.40,248.41, 9,BUKRY,,95,SILICOFLAGELLATES,,,,,NO AGE GIVEN,397,SNAVI0060,Naviculopsis constricta,TRACE,  ,1,8f59d82e8a2e1741f2c38b8050a89401,95-612-28-5
95,612,,28,5,100.0,101.0,241.40,248.41, 9,BUKRY,,95,SILICOFLAGELLATES,,,,,NO AGE GIVEN,397,SNAVI0080,Naviculopsis foliacea,COMMON,  ,1,3b3b0dc3c37b67d76ee2e2bcd957bed9,95-612-28-5
95,612,,32,1,100.0,101.0,279.80,280.81,15,BUKRY,,95,SILICOFLAGELLATES,,,,,NO AGE GIVEN,397,SBACH0050,Bachmannocena paulschulzii,TRACE,  ,1,9c87fb8f730ff40111dd96ad4f72a826,95-612-32-1
95,612,,32,1,100.0,101.0,279.80,280.81,15,BUKRY,,95,SILICOFLAGELLATES,,,,,NO AGE GIVEN,397,SCORB0008,Corbisema angularis,TRACE,  ,1,70727dd43c4fa11e252722e6ccc9ad15,95-612-32-1
95,612,,32,1,100.0,101.0,279.80,280.81,15,BUKRY,,95,SILICOFLAGELLATES,,,,,NO AGE GIVEN,397,SCORB0010,Corbisema apiculata,TRACE,  ,1,9c2a77e7de8b76a5d9d4fc2032ed4f6f,95-612-32-1
95,612,,32,1,100.0,101.0,279.80,280.81,15,BUKRY,,95,SILICOFLAGELLATES,,,,,NO AGE GIVEN,397,SCORB0170,Corbisema hastata globulata,RARE,  ,1,5575ba6820b351581f1940f713edaece,95-612-32-1
95,612,,32,1,100.0,101.0,279.80,280.81,15,BUKRY,,95,SILICOFLAGELLATES,,,,,NO AGE GIVEN,397,SCORB0240,Corbisema inermis inermis,COMMON,  ,1,21ffbb7ed1711d6dfc2aa1d7b0e0b75e,95-612-32-1
95,612,,32,1,100.0,101.0,279.80,280.81,15,BUKRY,,95,SILICOFLAGELLATES,,,,,NO AGE GIVEN,397,SCORB0243,Corbisema inermis inermis (spines) (q),TRACE,  ,1,f0fc013a4c14493caf73d33d3bd4960b,95-612-32-1
95,612,,32,1,100.0,101.0,279.80,280.81,15,BUKRY,,95,SILICOFLAGELLATES,,,,,NO AGE GIVEN,397,SCORB0352,Corbisema regina,ABUNDANT,  ,1,f0d5f039ff37b57bca0d3b6658c55953,95-612-32-1
95,612,,32,1,100.0,101.0,279.80,280.81,15,BUKRY,,95,SILICOFLAGELLATES,,,,,NO AGE GIVEN,397,SCORB0353,Corbisema regina (bar),FEW,  ,1,98d80cad0f210018af78b5bf111dcfff,95-612-32-1
95,612,,32,1,100.0,101.0,279.80,280.81,15,BUKRY,,95,SILICOFLAGELLATES,,,,,NO AGE GIVEN,397,SCORB0354,Corbisema sp.,TRACE,  ,1,5352250059133c3ecea170bdf2818272,95-612-32-1
95,612,,32,1,100.0,101.0,279.80,280.81,15,BUKRY,,95,SILICOFLAGELLATES,,,,,NO AGE GIVEN,397,SDICT0104,Dictyocha byronalis,FEW,  ,1,4606866df95087fe5750b8fd327f3656,95-612-32-1
95,612,,32,1,100.0,101.0,279.80,280.81,15,BUKRY,,95,SILICOFLAGELLATES,,,,,NO AGE GIVEN,397,SDICT0109,Dictyocha brevispina (s.ampl.),FEW,  ,2,72121a137fd534d3d5c4df9027838d43,95-612-32-1
95,612,,32,1,100.0,101.0,279.80,280.81,15,BUKRY,,95,SILICOFLAGELLATES,,,,,NO AGE GIVEN,397,SDIST0460,Distephanus speculum hemisphaericus,TRACE,  ,2,6c1c1681cb32d79749c97cbd838155cd,95-612-32-1
95,612,,32,1,100.0,101.0,279.80,280.81,15,BUKRY,,95,SILICOFLAGELLATES,,,,,NO AGE GIVEN,397,SDIST0590,Distephanus speculum triommata,TRACE,  ,2,7780b658650e6ca3a89f144eb618e8f6,95-612-32-1
95,612,,32,1,100.0,101.0,279.80,280.81,15,BUKRY,,95,SILICOFLAGELLATES,,,,,NO AGE GIVEN,397,SNAVI0060,Naviculopsis constricta,FEW,  ,2,85483f63435457b7f345c2a3b905c6be,95-612-32-1
95,612,,32,1,100.0,101.0,279.80,280.81,15,BUKRY,,95,SILICOFLAGELLATES,,,,,NO AGE GIVEN,397,SNAVI0080,Naviculopsis foliacea,COMMON,  ,2,57e65e964d3a7a3b51a6f319936bb9c0,95-612-32-1
95,612,,33,1,100.0,101.0,289.40,290.41,14,BUKRY,,95,SILICOFLAGELLATES,,,,,NO AGE GIVEN,397,SCORB0008,Corbisema angularis,RARE,  ,1,a17727718d5303337f53bc8cccd36be3,95-612-33-1
95,612,,33,1,100.0,101.0,289.40,290.41,14,BUKRY,,95,SILICOFLAGELLATES,,,,,NO AGE GIVEN,397,SCORB0180,Corbisema hastata hastata,TRACE,  ,1,fd5496d9986e6710828a91561906c412,95-612-33-1
95,612,,33,1,100.0,101.0,289.40,290.41,14,BUKRY,,95,SILICOFLAGELLATES,,,,,NO AGE GIVEN,397,SCORB0240,Corbisema inermis inermis,FEW,  ,1,b4afeee90a99b1056c40d7a845e66165,95-612-33-1
95,612,,33,1,100.0,101.0,289.40,290.41,14,BUKRY,,95,SILICOFLAGELLATES,,,,,NO AGE GIVEN,397,SCORB0243,Corbisema inermis inermis (spines) (q),RARE,  ,1,f987f0ca8c0eb68bb9c173c00642064c,95-612-33-1
95,612,,33,1,100.0,101.0,289.40,290.41,14,BUKRY,,95,SILICOFLAGELLATES,,,,,NO AGE GIVEN,397,SCORB0352,Corbisema regina,COMMON,  ,1,2a617bc4e6446b6e5f469b57d4977815,95-612-33-1
95,612,,33,1,100.0,101.0,289.40,290.41,14,BUKRY,,95,SILICOFLAGELLATES,,,,,NO AGE GIVEN,397,SCORB0354,Corbisema sp.,FEW,  ,1,598fca25d0ba5c1fd68a96a83d4019d1,95-612-33-1
95,612,,33,1,100.0,101.0,289.40,290.41,14,BUKRY,,95,SILICOFLAGELLATES,,,,,NO AGE GIVEN,397,SDICT0104,Dictyocha byronalis,FEW,  ,1,1a9608a05a13342d8cd6636a97f3d7e7,95-612-33-1
95,612,,33,1,100.0,101.0,289.40,290.41,14,BUKRY,,95,SILICOFLAGELLATES,,,,,NO AGE GIVEN,397,SDICT0109,Dictyocha brevispina (s.ampl.),TRACE,  ,1,d8704449b7eb620747926b36220977f8,95-612-33-1
95,612,,33,1,100.0,101.0,289.40,290.41,14,BUKRY,,95,SILICOFLAGELLATES,,,,,NO AGE GIVEN,397,SDICT0660,Dictyocha spinosa,TRACE,  ,1,6a76605abfb7b8b0648ec6df42c66736,95-612-33-1
95,612,,33,1,100.0,101.0,289.40,290.41,14,BUKRY,,95,SILICOFLAGELLATES,,,,,NO AGE GIVEN,397,SDIST0351,Distephanus quinquangellus (q),RARE,  ,1,a4ae0f07528190d48b0bff6a6575881a,95-612-33-1
95,612,,33,1,100.0,101.0,289.40,290.41,14,BUKRY,,95,SILICOFLAGELLATES,,,,,NO AGE GIVEN,397,SDIST0582,Distephanus speculum speculum (spineless),TRACE,  ,2,194e9d749ed6bbcbdcdc72462ecfb818,95-612-33-1
95,612,,33,1,100.0,101.0,289.40,290.41,14,BUKRY,,95,SILICOFLAGELLATES,,,,,NO AGE GIVEN,397,SNAVI0060,Naviculopsis constricta,COMMON,  ,2,60755f2d63dc5b606e807c9d368e3b2f,95-612-33-1
95,612,,33,1,100.0,101.0,289.40,290.41,14,BUKRY,,95,SILICOFLAGELLATES,,,,,NO AGE GIVEN,397,SNAVI0074,Naviculopsis eobiapiculata,TRACE,  ,2,1edfce43c5848523c7ec40ac9e91c0bb,95-612-33-1
95,612,,33,1,100.0,101.0,289.40,290.41,14,BUKRY,,95,SILICOFLAGELLATES,,,,,NO AGE GIVEN,397,SNAVI0080,Naviculopsis foliacea,ABUNDANT,  ,2,17cb264ed6fbd347eb48284a20cbf4af,95-612-33-1
95,612,,33,5,100.0,101.0,289.40,296.41,16,BUKRY,,95,SILICOFLAGELLATES,,,,,NO AGE GIVEN,397,SCORB0008,Corbisema angularis,TRACE,  ,1,e18baaf6d354e7b244bcc8b2fae71097,95-612-33-5
95,612,,33,5,100.0,101.0,289.40,296.41,16,BUKRY,,95,SILICOFLAGELLATES,,,,,NO AGE GIVEN,397,SCORB0170,Corbisema hastata globulata,FEW,  ,1,632882d6b78af9889bb572af1d372dd5,95-612-33-5
95,612,,33,5,100.0,101.0,289.40,296.41,16,BUKRY,,95,SILICOFLAGELLATES,,,,,NO AGE GIVEN,397,SCORB0195,Corbisema hastata miranda,TRACE,  ,1,7ddd93871202addf8d9d98d5e0243d78,95-612-33-5
95,612,,33,5,100.0,101.0,289.40,296.41,16,BUKRY,,95,SILICOFLAGELLATES,,,,,NO AGE GIVEN,397,SCORB0216,Corbisema inermis ballantina,TRACE,  ,1,7cddf2ae2521034faf3bf559b368ce69,95-612-33-5
95,612,,33,5,100.0,101.0,289.40,296.41,16,BUKRY,,95,SILICOFLAGELLATES,,,,,NO AGE GIVEN,397,SCORB0240,Corbisema inermis inermis,COMMON,  ,1,b5e9c851163d283be11c2cdab7786b7f,95-612-33-5
95,612,,33,5,100.0,101.0,289.40,296.41,16,BUKRY,,95,SILICOFLAGELLATES,,,,,NO AGE GIVEN,397,SCORB0352,Corbisema regina,FEW,  ,1,b498d085cbb3d63bb5c321a55a15ae16,95-612-33-5
95,612,,33,5,100.0,101.0,289.40,296.41,16,BUKRY,,95,SILICOFLAGELLATES,,,,,NO AGE GIVEN,397,SCORB0354,Corbisema sp.,TRACE,  ,1,101606cfbbbc151cd624c0583c871623,95-612-33-5
95,612,,33,5,100.0,101.0,289.40,296.41,16,BUKRY,,95,SILICOFLAGELLATES,,,,,NO AGE GIVEN,397,SDICT0104,Dictyocha byronalis,TRACE,  ,1,6d395bf63cab2e98198199fe06a3c793,95-612-33-5
95,612,,33,5,100.0,101.0,289.40,296.41,16,BUKRY,,95,SILICOFLAGELLATES,,,,,NO AGE GIVEN,397,SDICT0109,Dictyocha brevispina (s.ampl.),RARE,  ,1,d02b9162158acd4b9abc7004ed971ee2,95-612-33-5
95,612,,33,5,100.0,101.0,289.40,296.41,16,BUKRY,,95,SILICOFLAGELLATES,,,,,NO AGE GIVEN,397,SDIST0351,Distephanus quinquangellus (q),RARE,  ,1,8cecaca0dec991971cd4d085a567b318,95-612-33-5
95,612,,33,5,100.0,101.0,289.40,296.41,16,BUKRY,,95,SILICOFLAGELLATES,,,,,NO AGE GIVEN,397,SDIST0582,Distephanus speculum speculum (spineless),TRACE,  ,2,2f443a434febf00cf058d545b21dafce,95-612-33-5
95,612,,33,5,100.0,101.0,289.40,296.41,16,BUKRY,,95,SILICOFLAGELLATES,,,,,NO AGE GIVEN,397,SMACR0010,Macrora barbadensis,TRACE,  ,2,a0df6ec31cb961a9a96dcb4a6ce50056,95-612-33-5
95,612,,33,5,100.0,101.0,289.40,296.41,16,BUKRY,,95,SILICOFLAGELLATES,,,,,NO AGE GIVEN,397,SNAVI0059,Naviculopsis constricta (semi-barred),TRACE,  ,2,abb7fce2bef085b83f6d1bbd4af1e0cf,95-612-33-5
95,612,,33,5,100.0,101.0,289.40,296.41,16,BUKRY,,95,SILICOFLAGELLATES,,,,,NO AGE GIVEN,397,SNAVI0060,Naviculopsis constricta,COMMON,  ,2,70b773fb958ae1e5668515b9069e8ff7,95-612-33-5
95,612,,33,5,100.0,101.0,289.40,296.41,16,BUKRY,,95,SILICOFLAGELLATES,,,,,NO AGE GIVEN,397,SNAVI0074,Naviculopsis eobiapiculata,TRACE,  ,2,c7243e7dbc074dce4a9818920ee66fb3,95-612-33-5
95,612,,33,5,100.0,101.0,289.40,296.41,16,BUKRY,,95,SILICOFLAGELLATES,,,,,NO AGE GIVEN,397,SNAVI0080,Naviculopsis foliacea,ABUNDANT,  ,2,55bab24de939b77bd710255bcd28afa5,95-612-33-5
