leg,site,hole,core,coretype,section,observer,top interval,piece number top,sub piece top,bottom interval,piece number bottom,sub piece bottom,lithology,color,color number,structures,drilling deformities,unusual occurrences,minerals,paleontology,other,induration,more data available,code,latitude,longitude,depth,top interval depth below sea floor,bottom interval depth below sea floor
108,660,A,001,Hydraulic (Advanced) Piston Core,01,MAZ,000,,,050,,,"siliceous-bearing, mud-bearing nannofossil ooze","brown (0-15cm), light yellowish brown (15-29cm), gray/light gray (31,40-50cm), yellowish brown (29-40cm)","10yr 5/3, 10yr 6/4, 10yr 6/1, 10yr 5/4 (29-40cm)",,highly (0-15cm) and moderately (15-50cm) disturbed,,,nannos,,,,H,10.01348,-19.24563,0000.00,0,50
108,660,A,001,Hydraulic (Advanced) Piston Core,01,MAZ,050,,,150,,,silty clay,"very dark gray mottled w/ yellowish brown @ 50-94,103-119cm and with greenish laminae @ 119-129cm","10yr 3/1 mottled w/ 10yr 5/4 @ 50-94,103-119cm","mottling (50-94,103-119cm), greenish laminae (119-129cm), moderate bioturbation (50-94,103-129cm)",moderately disturbed (129-150cm),,,,,,,H,10.01348,-19.24563,0000.00,50,150
108,660,A,001,Hydraulic (Advanced) Piston Core,02,MAZ,000,,,014,,,silty clay,"very dark gray (0-10cm), black (10-14cm)","10yr 3/1, 10yr 2/1",,moderately disturbed,,,,,,,H,10.01348,-19.24563,0001.50,150,164
108,660,A,001,Hydraulic (Advanced) Piston Core,CC,MAZ,000,,,018,,,silty clay,very dark gray mottled with olive gray,10yr 3/1 mottled with 5y 5/2,"mottling, minor bioturbation (5-18cm)",,,,,,,,H,10.01348,-19.24563,0001.65,164,182
108,660,A,002,Hydraulic (Advanced) Piston Core,01,MAZ,000,,,031,,,nannofossil silty clay,"olive gray (0-23cm), light olive gray (23-31cm)","5y 5/2, 5y 6/2",minor bioturbation,,,,nannos,,,,H,10.01348,-19.24563,0001.80,179,210
108,660,A,002,Hydraulic (Advanced) Piston Core,01,MAZ,031,,,053,,,silty clay,"very dark gray (48-49cm), olive gray (31-48,49-53cm)","intermottled 5y 5/2 and 10gy 3/2 (31-48cm); 5y 3/1 (48-49cm), 5y 5/2 (49-53cm)","minor bioturbation (49-53cm), laminae? (31-45cm), mottling (31-48cm)",,,,,,,,H,10.01348,-19.24563,0001.80,210,232
108,660,A,002,Hydraulic (Advanced) Piston Core,01,MAZ,053,,,150,,,"silty clay, void (147-150cm)","very dark gray with olive gray mottling (53-126cm), olive gray (126-147cm)","5y 3/1 with 5y 4/2 mottling (53-126cm), 5y 4/2 (126-147cm)","moderate (53-135cm) to minor (135-147cm) bioturbation, mottling (53-126cm)",,,,,,,,H,10.01348,-19.24563,0001.80,232,329
108,660,A,002,Hydraulic (Advanced) Piston Core,02,MAZ,000,,,083,,,silty clay,"very dark gray(0-6,19-49cm), dark gray(6-19cm) interbedded very dark gray & dark gray(49-68cm), olive gray(68-83cm)","5y 3/1, 5y 4/1, 5y 4/1 & 5y 3/1, w/ 5y 4/2, 10gy 3/2 @ 50,58cm","minor bioturbation (6-20cm), thin interbeds (49-68cm)",moderately disturbed (0-18cm),,,,,,,H,10.01348,-19.24563,0003.30,329,412
108,660,A,002,Hydraulic (Advanced) Piston Core,02,MAZ,083,,,150,,,nannofossil silty clay,"olive gray (80-104,110-122,128-142cm), gray (104-110,122-128,142-150cm)","5y 5/2, 5y 5/1","moderate bioturbation (83-90,110-115,128-135cm)",,,,nannos,,,,H,10.01348,-19.24563,0003.30,412,479
108,660,A,002,Hydraulic (Advanced) Piston Core,03,MAZ,000,,,040,,,silty clay,"olive gray(8-14cm),dark gray(20-30cm) mottled gray and dark gray (0-8cm), gray/light gray(30-40cm), dark greenish gray(14-20cm)","5y 5/2, 5y 4/1, 5y 5/1 & 5y 4/1 mottled, 5y 6/1, 5g 4/1","moderate bioturbation (0-8,20-40cm)",,,,,,,,H,10.01348,-19.24563,0004.80,480,520
108,660,A,002,Hydraulic (Advanced) Piston Core,03,MAZ,040,,,150,,,silty clay,"greenish gray (40-58cm), very dark gray w/ dark gray laminae @ 70-100cm (58-117,143-147cm), black (117-143,147-150cm)","5gy 6/1, 5y 3/1 with 5g 4/1 laminae (72-100cm), 5y 3/1 (143-147cm), 5y 2.5/1","laminae (72-100cm), moderate bioturbation (40-58cm)",,,,,,,,H,10.01348,-19.24563,0004.80,520,630
108,660,A,002,Hydraulic (Advanced) Piston Core,04,MAZ,000,,,075,,,silty clay,"very dark gray-dark gray(0-34cm),light olive gray(34-50cm),dark gray w/ dark greenish gray laminae@60-70cm(50-75cm)","5y 3/1-5y 4/1, 5y 6/2, 5y 4/1 w/ 5g 4/1 laminae","moderate bioturbation (34-55cm), laminae (60-70cm)",,,,,,,,H,10.01348,-19.24563,0006.30,630,705
108,660,A,002,Hydraulic (Advanced) Piston Core,04,MAZ,075,,,150,,,silty clay,"gray w/ greenish gray laminae @ 75-91cm(75-91,122-134cm),dark gray(91-108cm),light olive gray (108-122, 134-146cm), olive gray(146-150cm)","5y 5/1, 5y 5/1 w/ 5gy 5/1, 5y 4/1, 5y 6/2, 5y 5/2 (146-150cm)","minor (91-108cm) to moderate (108-122,134-150cm) bioturbation, laminae (75-91cm)",,,,,,,,H,10.01348,-19.24563,0006.30,705,780
108,660,A,002,Hydraulic (Advanced) Piston Core,05,MAZ,000,,,016,,,silty clay,"olive gray (0-6cm), greenish gray-grayish green (6-11cm), gray/light gray mottled w/ dark gray (11-16cm)","5y 5/2, 5gy 5/1-5g 5/2, 5y 6/1 mottled w/ 5y 4/1 (11-16cm)"," mottling (11-16cm), moderate bioturbation (0-11cm)",,,,,,,,H,10.01348,-19.24563,0007.80,780,796
108,660,A,002,Hydraulic (Advanced) Piston Core,05,MAZ,016,,,035,,,silty clay,"olive gray w/ dark greenish gray laminae @ 22, 25cm","5y 4/2 w/ 5g 4/1 at 22, 25cm",,,,,,,,,H,10.01348,-19.24563,0007.80,796,815
108,660,A,002,Hydraulic (Advanced) Piston Core,05,MAZ,035,,,150,,,silty clay,dark gray mottled with olive @ 72-108cm & gray @ 108-146cm,5y 4/1 mottled w/ 5y 5/3 @ 72-108cm & mottled w/ 5y 5/1 @ 108-146cm,"moderate bioturbation (72-146cm), mottling (72-146cm)",,,,,,,,H,10.01348,-19.24563,0007.80,815,930
108,660,A,002,Hydraulic (Advanced) Piston Core,06,MAZ,000,,,084,,,silty clay w/ silty nannofossil ooze (67-84cm),"dark gray (0-6,37-45cm), gray mottled w/ dark gray (6-37,45-67cm), light olive gray (67-84cm)","5y 4/1, 5y 5/1 mottled w/ 5y 4/1, 5y 6/2","mottling (6-37,45-67cm), minor (0-6,37-45cm) to moderate (6-37,45-67,77-84cm) bioturbation",,,,nannos (67-84cm),,,,H,10.01348,-19.24563,0009.30,930,1014
108,660,A,002,Hydraulic (Advanced) Piston Core,06,MAZ,084,,,150,,,silty clay,"grayish green(84-87,98-101cm),dark gray(87-98cm),very dark gray w/ dark greenish gray laminae@105,151-121,128-130cm","5g 5/2, 5y 4/1, 5y 3/1 w/ 5g 4/1 laminae @ 105,115-121,128-130cm (101-150cm)","laminae (105,115-121,128-130cm), mottling (130-150cm), moderate bioturbation (84-98,130-150cm)",,,,,,,,H,10.01348,-19.24563,0009.30,1014,1080
108,660,A,002,Hydraulic (Advanced) Piston Core,07,MAZ,000,,,051,,,silty clay,very dark gray mottled w/ dark gray,5y 3/1 mottled w/ 5y 4/1,"mottling, moderate bioturbation (20-40cm)",,,,,,,,H,10.01348,-19.24563,0010.80,1080,1131
108,660,A,002,Hydraulic (Advanced) Piston Core,CC,MAZ,000,,,017,,,silty clay,very dark gray mottled w/ dark gray,5y 3/1 mottled w/ 5y 4/1,"mottling, moderate bioturbation",,,,,,,,H,10.01348,-19.24563,0011.30,1130,1147
108,660,A,003,Hydraulic (Advanced) Piston Core,01,MAZ,000,,,102,,,"silty clay alternating w/ and grading up into nannofossil ooze (0-7,65-102cm)","light olive gray (0-7,65-102cm), very dark gray (7-29cm) mottled w/ gray @ 57-65cm (7-29,57-65cm), gray w/ very dark gray (29-57cm)","5y 6/2, 5y 3/1, 5y 3/1 mottled w/ 5y 5/1 @ 57-65cm, 5y 5/1 w/ 5y 3/1","mottling (57-65cm), laminae (29-57cm)",,,,"nannos (0-7,65-102cm)",,,,H,10.01348,-19.24563,0011.30,1130,1232
108,660,A,003,Hydraulic (Advanced) Piston Core,01,MAZ,102,,,150,,,"silty clay alternating w/ and grading up into nannofossil ooze (128-141cm), void (145-150cm)","gray (102-116cm), olive gray (116-128cm), gray/light gray (128-141cm), dark gray (141-145cm)","5y 5/1, 5y 5/2, 5y 6/1, 5y 4/1",,,,,nannos (128-141cm),,,,H,10.01348,-19.24563,0011.30,1232,1280
108,660,A,003,Hydraulic (Advanced) Piston Core,02,MAZ,000,,,087,,,silty clay,"dark gray mottled w/ gray @ 70-87cm(0-6,61-70cm),very dark gray(6-43cm),gray mottled w/ dark gray(43-61cm)","5y 4/1 mottled w/ 5y 5/1 @ 70-87cm, 2.5y 3/1, 5y 5/1 mottled w/ 5y 4/1","mottling (43-61,70-87cm), moderate bioturbation (0-6,43-61,70-87cm)",,,,nannos,,,,H,10.01348,-19.24563,0012.80,1280,1367
108,660,A,003,Hydraulic (Advanced) Piston Core,02,MAZ,087,,,150,,,"silty clay alternating w/ & grading up to nanno ooze (87-119,128-147cm)","gray/light gray (87-119,128-147cm), dark gray (119-128,147-150cm)","5y 6/1 (87-119,128-147cm), 5y 4/1 (119-128,147-150cm)",moderate bioturbation (87-147cm),,,,"nannos (87-119,128-147cm)",,,,H,10.01348,-19.24563,0012.80,1367,1430
108,660,A,003,Hydraulic (Advanced) Piston Core,03,MAZ,000,,,025,,,silty clay and nonnofossil ooze,"gray/light gray (0-6cm), pale olive and light olive w/ dark greenish gray laminae @ 20,24cm (6-25cm)","5y 6/1, 5y 6/3 and 5y 6/2 w/ 5g 4/1 laminae","moderate bioturbation (0-6cm), laminae (7-25cm)",,,,nannos,,,,H,10.01348,-19.24563,0014.30,1430,1455
108,660,A,003,Hydraulic (Advanced) Piston Core,03,MAZ,025,,,076,,,silty clay alternating with and grading up into nannofossil ooze,"olive gray (25-37cm), dark gray mottled w/ gray (37-76cm), dark greenish gray laminae (25-70cm)","5y 5/2, 5y 4/1 mottled with 5y 5/1, 5g 4/1 laminae","mottling (37-76cm), moderate bioturbation (37-75cm), laminae (25-70cm)",,,,nannos,,,,H,10.01348,-19.24563,0014.30,1455,1506
108,660,A,003,Hydraulic (Advanced) Piston Core,03,MAZ,076,,,150,,,silty clay alternating w/ and grading up into nannofossil ooze,"gray (76-87,112-130cm), dark gray (87-112,130-150cm), dark greenish gray (87cm)","5y 5/1, 5y 4/1, 5g 4/1","moderate bioturbation (76-87,112-130cm)",,,,nannos,,,,H,10.01348,-19.24563,0014.30,1506,1580
108,660,A,003,Hydraulic (Advanced) Piston Core,04,MAZ,000,,,095,,,silty clay alternating w/ and grading up into nannofossil ooze,"gray mottled w/ dark gray & gray/light gray (0-56cm), light olive gray (56-88,92-95cm), greenish gray (88-92cm)","5y 5/1 mottled w/ 5y 6/1-5y 4/1, 5y 6/2, 5gy 5/1","mottling (0-56cm), moderate bioturbation (0-54,88-92cm)",,,,nannos,,,,H,10.01348,-19.24563,0015.80,1580,1675
108,660,A,003,Hydraulic (Advanced) Piston Core,04,MAZ,095,,,130,,,silty clay alternating with and grading up into nannofossil ooze,"greenish gray (95-103cm), very dark gray-dark gray (102-130cm)","5gy 5/1, 5y 3/1-5y 4/1",moderate bioturbation (95-102cm),,,,nannos,,,,H,10.01348,-19.24563,0015.80,1675,1710
108,660,A,003,Hydraulic (Advanced) Piston Core,04,MAZ,130,,,150,,,silty clay alternating w/ and grading up into nannofossil ooze,"gray/light gray (130-136,138-150cm), dark gray (136-138cm)","5y 6/1, 5y 4/1",minor bioturbation (138-150cm),,,,nannos,,,,H,10.01348,-19.24563,0015.80,1710,1730
108,660,A,003,Hydraulic (Advanced) Piston Core,05,MAZ,000,,,076,,,silty clay alternating w/ and grading up into nannofossil ooze (0-24cm),"light olive gray (0-24cm), gray (66-76cm), mottled dark gray-gray (24-66cm)","5y 6/2,5y 5/1, mottled 5y 4/1-5y 5/1","minor bioturbation (66-76cm), mottling (24-66cm)",moderately disturbed? (0-24cm),,,nannos (0-24cm),,,,H,10.01348,-19.24563,0017.30,1729,1805
108,660,A,003,Hydraulic (Advanced) Piston Core,05,MAZ,076,,,150,,,silty clay alternating with and grading up into nannofossil ooze,"gray/light gray mottled with gray (76-117cm), light olive gray (117-130cm), olive gray w/ layer @ 138cm (130-150cm)","5y 6/2, 5y 6/1 mottled with 5y 5/1, 5y 5/2 with 10g 4/2 at 138cm",moderate bioturbation and mottling (76-118cm),moderately disturbed (118-150cm),,,nannos,,,,H,10.01348,-19.24563,0017.30,1805,1879
108,660,A,003,Hydraulic (Advanced) Piston Core,06,MAZ,000,,,150,,,silty clay alternating w/ and grading up into nannofossil ooze,"olive gray (0-4,132-150cm), dark gray mottled w/ gray (4-60cm), gray (60-109,119-132cm), dark gray, olive (9cm)","5y 5/2, 5y 4/1 mottled w/ 5y 5/1, 5y 5/1, 5y 4/1, 5y 4/3","mottling increasing downward(4-60cm),chondrites(109-119cm),minor(60-109cm),moderate(4-35cm) to strong?(35-60cm)bioturbation",moderately disturbed (132-150cm),,,nannos,,,,H,10.01348,-19.24563,0018.80,1879,2029
108,660,A,003,Hydraulic (Advanced) Piston Core,07,MAZ,000,,,045,,,silty clay,"gray (0-13cm), olive gray (13-32cm), gray-very dark gray (32-45cm)","5y 5/1, 5y 5/2, 5y 5/1-5y 3/1",,highly (32-46cm) to moderately (13-32cm) disturbed,,,,,,,H,10.01348,-19.24563,0020.30,2029,2074
108,660,A,003,Hydraulic (Advanced) Piston Core,CC,MAZ,000,,,011,,,silty clay,very dark gray-olive gray,5y 3/1-5y 5/2,,highly disturbed,,,,,,,H,10.01348,-19.24563,0020.76,2076,2087
108,660,A,004,Hydraulic (Advanced) Piston Core,01,MAZ,000,,,131,,,"silty clay alternating w/ and grading up into clay-bearing, foraminifer-bearing nannofossil ooze","dark gray(55-81cm),gray(81-100,108-121cm),gray/light gray(100-108cm),greenish gray w/ pale green laminae(121-131cm)","5y 4/1, 5y 5/1, 5y 6/1, 5gy 5/1 w/ 5g 6/2","moderate bioturbation (55-81cm), laminae (121-131cm)",soupy (0-55cm),,,"forams, nannos",,,,H,10.01348,-19.24563,0020.80,2079,2210
108,660,A,004,Hydraulic (Advanced) Piston Core,01,MAZ,131,,,150,,,"silty clay, void (147-150cm)",dark gray with pale green laminae,5y 4/1 with 5g 6/2 laminae,laminae,,,,,,,,H,10.01348,-19.24563,0020.80,2210,2229
108,660,A,004,Hydraulic (Advanced) Piston Core,02,MAZ,000,,,060,,,"silty clay alternating w/ and grading up into clay-bearing, foraminifer-bearing nannofossil ooze (48-60cm)","dark gray(0-6cm),olive gray(6-31cm),gray(31-48cm),gray/light gray(48-60cm)","5y 4/1, 5y 5/2, 5y 5/1, 5y 6/1","laminae (0-6,31-48cm), moderate bioturbation (6-31,48-60cm)",,,,"forams, nannos (48-60cm)",,,,H,10.01348,-19.24563,0022.30,2229,2289
108,660,A,004,Hydraulic (Advanced) Piston Core,02,MAZ,060,,,091,,,"silty clay alternating w/ and grading up in to clay-bearing, foram-bearing nanno ooze","olive gray w/ pale green at 65 cm (60-71cm), mottled gray and gray/light gray (71-91cm)","5y 5/2 w/ 5g 6/2, mottled 5y 5/1 and 5y 6/1","laminae (60-65cm), moderate bioturbation (65-91cm)",,,,"nannos,forams",,,,H,10.01348,-19.24563,0022.30,2289,2320
108,660,A,004,Hydraulic (Advanced) Piston Core,02,MAZ,091,,,150,,,"silty clay alternating w/ and grading up into clay-bearing, foraminifer-bearing nannofossil ooze","gray/light gray w/ green laminae @ 93cm & dark gray @ 107cm(91-123cm),light olive gray(123-141cm), gray(141-150cm)","5y 6/1 w/ 5y 4/1 lamina, 5y 6/2, 5y 5/1 (141-150cm)","laminae (91-94,141-150cm), minor (112-120cm) to moderate (91-112,125-140cm) bioturbation",,,,"forams, nannos",,,,H,10.01348,-19.24563,0022.30,2320,2379
108,660,A,004,Hydraulic (Advanced) Piston Core,03,MAZ,000,,,047,,,silty clay,"dark gray(0-7cm),gray mottled w/ dark gray(7-32cm),gray grading downward to dark gray(32-46cm),very dark gray(47cm)","5y 4/1, 5y 5/1 mottled w/ 5y 4/1, 5y 5/1 grading downward to 5y 4/1, 5y 3/1@47cm","parallel laminae (0-7cm), mottling (7-32cm), moderate (32-47cm) to strong (7-32cm) bioturbation",,,,,,,,H,10.01348,-19.24563,0023.80,2379,2426
108,660,A,004,Hydraulic (Advanced) Piston Core,03,MAZ,047,,,129,,,"silty clay and clay-bearing, foraminifer-bearing nannofossil ooze (50-97cm)","light gray(50-59cm),light olive gray(59-97cm),olive gray mottled w/ dark gray @ 118-129cm (97-129cm),gray (47-50cm)","5y 7/1, 5y 6/2, 5y 5/2, 5y 5/2 mottled w/ 5y 4/1","mottling (118-129cm), moderate bioturbation (50-65,80-102,118-129cm)",,,,nannos and forams   (50-97cm),,,,H,10.01348,-19.24563,0023.80,2426,2508
108,660,A,004,Hydraulic (Advanced) Piston Core,03,MAZ,129,,,150,,,"silty clay and clay-bearing, foram-bearing nannofossil ooze (138-150cm)","very dark gray (129cm), gray (129-138cm), gray/light gray (138-150cm)","5y 3/1, 5y 5/1, 5y 6/1",moderate bioturbation (138-150cm),,,,nannos and forams (138-150cm),,,,H,10.01348,-19.24563,0023.80,2508,2529
108,660,A,004,Hydraulic (Advanced) Piston Core,04,MAZ,000,,,022,,,"silty clay alternating w/ and grading up into clay-bearing, foraminifer-bearing nannofossil ooze","light olive gray w/ grayish green laminae @ 12-14cm (0-16cm), olive gray (16-22cm)","5y 6/2, w/ 5g 5/2-5g 4/2 @ 12-14cm (0-16cm), 5y 5/2 (16-22cm)","minor bioturbation (0-16cm), laminae (10-22cm)",,,,"nannos, forams",,,,H,10.01348,-19.24563,0025.30,2529,2551
108,660,A,004,Hydraulic (Advanced) Piston Core,04,MAZ,022,,,054,,,"silty clay and/or clay-bearing, foram-bearing, nanno ooze","dark gray-gray w/ gray-gray light gray mottling, olive gray @ base and olive laminae @ 45-50cm",5y 4/1-5y 5/1 w/ 5y 5/1-5y 6/1 mottling w/ 5y 4/2 @ base and 5y 4/2-5y 5/2 laminae @ 45-50cm,"moderate bioturbation (22-44,50-54cm), laminae (45-50cm), mottling",,,,forams and nannos?,,,,H,10.01348,-19.24563,0025.30,2551,2583
108,660,A,004,Hydraulic (Advanced) Piston Core,04,MAZ,054,,,075,,,"silty clay and/or clay-bearing, foram-bearing nanno ooze",olive gray,5y 5/2,"moderate bioturbation (54-65,70-75cm)",,,,forams and nannos,,,,H,10.01348,-19.24563,0025.30,2583,2604
108,660,A,004,Hydraulic (Advanced) Piston Core,04,MAZ,075,,,150,,,silty clay,gray with olive gray (135cm) and black (85-95cm) laminae,5y 5/1 w/ 5y 4/2 and 5y 5/2 laminae,"moderate bioturbation (75-85,90-110cm), laminae (85-95,135cm)",,,,,,,,H,10.01348,-19.24563,0025.30,2604,2679
108,660,A,004,Hydraulic (Advanced) Piston Core,05,FAU,000,,,042,,,"silty clay alternating with clay-bearing, foram-bearing nannofossil ooze (0-10cm)","light olive gray (0-10cm), olive gray (10-24cm), very dark gray-dark gray (24-42cm),black & green laminae (30-38cm)","5y 6/2, 5y 5/2, 5y 3/1-5y 4/1",laminae (30-38cm),,,,forams and nannos (0-10cm),,,,H,10.01348,-19.24563,0026.80,2679,2721
108,660,A,004,Hydraulic (Advanced) Piston Core,05,FAU,042,,,106,,,"silty clay alternating with and grading up into clay-bearing, foram-bearing nannofossil ooze (80-106cm)","interbedded & mottled olive gray-dark gray(42-80cm),light olive gray(80-106cm),black/green laminae(85cm)","5y 5/2 - 5y 4/1, 5y 6/2","mottled and interbedded (42-80cm), moderate bioturbation (75-90cm), laminae (85cm)",,,,forams and nannos (80-106cm),,,,H,10.01348,-19.24563,0026.80,2721,2785
108,660,A,004,Hydraulic (Advanced) Piston Core,05,FAU,106,,,150,,,silty clay,"olive gray (106-137cm), black/green laminae (106-137cm), very dark gray (137-150cm)","5y 5/2 (106-137cm), 5y 3/1 (137-150cm)","minor bioturbation (137-150cm), laminae (106-137cm)",,,,,,,,H,10.01348,-19.24563,0026.80,2785,2829
108,660,A,004,Hydraulic (Advanced) Piston Core,06,FAU,000,,,040,,,silty clay,"mottled gray, olive gray, dark gray & very dark gray w/ green lamina @ 4cm(0-38cm), gray (38-40cm)","mottled 5y 5/1, 5y 5/2, 5y 4/1 & 5y 3/1 (0-38cm), 5y 5/1 (38-40cm)","mottling (0-38cm), lamina (4cm)",,,,,,,,H,10.01348,-19.24563,0028.30,2829,2869
108,660,A,004,Hydraulic (Advanced) Piston Core,06,FAU,040,,,096,,,"silty clay and clay-bearing, foram-bearing nannofossil ooze (40-63cm)","light olive gray (40-63cm), mottled gray, olive gray & dark gray (63-96cm), green & black laminae (60,80-96cm)","5y 6/2 (40-63cm),mottled 5y 5/1, 5y 5/2 and 5y 4/1 (63-96cm)","mottling (63-96cm), laminae (60,80-96cm), minor bioturbation (60-96cm)",,,,forams and nannos (40-63cm),,,,H,10.01348,-19.24563,0028.30,2869,2925
108,660,A,004,Hydraulic (Advanced) Piston Core,06,FAU,096,,,104,,,silty clay,dark gray,5y 4/1,minor bioturbation,,,,,,,,H,10.01348,-19.24563,0028.30,2925,2933
108,660,A,004,Hydraulic (Advanced) Piston Core,06,FAU,104,,,122,,,"silty clay and clay-bearing, foraminifer-bearing nannofossil ooze","gray/light gray-gray(104-112cm),light gray(112-122cm)","5y 6/1-5y 5/1, 5y 7/1",moderate bioturbation (104-115cm),,,,"forams, nannos",,,,H,10.01348,-19.24563,0028.30,2933,2951
108,660,A,004,Hydraulic (Advanced) Piston Core,06,FAU,122,,,150,,,"silty clay and clay-bearing, foram-bearing nanno ooze (122-140cm)","olive gray w/ green laminae @ 135-140cm (122-140cm), very dark gray w/ black laminae @ 142cm (140-150cm)","5y 6/2, 5y 3/1","laminae (135-140,142cm)",,,,forams and nannos (122-140cm),,,,H,10.01348,-19.24563,0028.30,2951,2979
108,660,A,004,Hydraulic (Advanced) Piston Core,07,FAU,000,,,054,,,"silty clay and clay-bearing, foraminifer-bearing nannofossil ooze","very dark gray-dark gray-gray/light gray (0-35cm), light gray (35-54cm)","5y 3/1-5y 4/1-5y 6/1, 5y 7/1-5y 7/2",,moderately disturbed,,,"forams, nannos",,,,H,10.01348,-19.24563,0029.80,2979,3033
108,660,A,005,Hydraulic (Advanced) Piston Core,01,MAZ,000,,,102,,,"silty clay alternating w/ and grading up into mud-bearing, foraminifer-bearing nannofossil ooze","olive gray(43-57cm),gray/light gray(57-61,63-65cm),dark gray(61-63cm),light gray w/ grayish green @97cm(65-102cm)","5y 5/2, 5y 6/1, 5y 4/1, 5y 7/2 w/ 5g 5/2","moderate bioturbation (57-61,63-65cm), parallel laminae (43-52cm)",soupy (0-43cm),,,"forams, nannos",,,,H,10.01348,-19.24563,0030.30,3029,3131
108,660,A,005,Hydraulic (Advanced) Piston Core,01,MAZ,102,,,150,,,silty clay,"olive gray (143-150cm), dark gray (116-127cm), gray (102-116,127-143cm)","5y 5/2, 5y 4/1, 5y 5/1",moderate bioturbation (102-143cm),,,,,,,,H,10.01348,-19.24563,0030.30,3131,3179
108,660,A,005,Hydraulic (Advanced) Piston Core,02,MAZ,000,,,084,,,"silty clay alternating w/ and grading up into mud-bearing, foraminifer-bearing nannofossil ooze","gray (0-4,76-84cm), gray/light gray (4-10,49-67cm), white (10-27cm), light olive gray (27-49,67-76cm)","5y 5/1, 5y 6/1, 5y 8/1, 5y 6/2","minor (10-27,40-47,67-76cm) to moderate (0-10,76-84cm) bioturbation, laminae (48-65cm)",,,,"forams, nannos",,,,H,10.01348,-19.24563,0031.80,3179,3263
108,660,A,005,Hydraulic (Advanced) Piston Core,02,MAZ,084,,,150,,,"mud-bearing, foram-bearing nannofossil ooze","light olive gray (100-111,130-140cm), light gray (84-100,111-130,140-150cm), black stain (143-145cm)","5y 6/2, 5y 7/1","minor (111-125cm) to moderate (100-111,130-143,145-150cm) bioturbation, laminae (130-132,143-145cm)",,,,"forams, nannos",,,,H,10.01348,-19.24563,0031.80,3263,3329
108,660,A,005,Hydraulic (Advanced) Piston Core,03,MAZ,000,,,121,,,"silty clay alternating w/ and grading up into mud-bearing, foraminifer-bearing nannofossil ooze","light gray(0-23,59-121cm),gray/light gray(23-26cm),light olive gray(26-59cm),pale green laminae(30,70-75,110cm)","5y 7/1, 5y 6/1, 5y 6/2, 5g 6/2 laminae","minor bioturbation (0-23,40-59cm), laminae (23-33,70-75,110 cm)",,,,"forams, nannos",,,,H,10.01348,-19.24563,0033.30,3329,3450
108,660,A,005,Hydraulic (Advanced) Piston Core,03,MAZ,121,,,150,,,"silty clay and mud-bearing, foram-bearing nannofossil ooze (121-133cm)","light olive gray (121-133cm), dark gray (133-140cm), gray (140-150cm)","5y 6/2, 5y 4/1, 5y 5/1",minor (121-130cm) to moderate (133-150cm) bioturbation,,,,forams and nannos (121-133cm),,,,H,10.01348,-19.24563,0033.30,3450,3479
108,660,A,005,Hydraulic (Advanced) Piston Core,04,MAZ,000,,,041,,,"silty clay alternating with and grading up into mud-bearing, foram-bearing nannofossil ooze","gray (0-5,7-13,25-34cm),dark greenish gray (5-7cm),gray/light gray (13-25cm),dark gray w/ very dark gray (34-41cm)","5y 5/1, 5gy 4/1, 5y 6/1, 5y 4/1 with n3/","moderate bioturbation (10-25cm), laminae (0-10,34-41cm)",,,,"forams, nannos",,,,H,10.01348,-19.24563,0034.80,3479,3520
108,660,A,005,Hydraulic (Advanced) Piston Core,04,MAZ,041,,,094,,,"silty clay alternating with and grading up into mud-bearing, foram-bearing nannofossil ooze (47-66cm)","gray (41-47,66-74cm),light gray (47-58cm),gray/light gray (58-66cm),dark gray (74-77cm),gray w/ dark gray mottling","5y 5/1, 5y 7/1, 5y 6/1, 5y 4/1, 5y 5/1 with 5y 4/1 mottling","moderate bioturbation (41-47,74-77cm), laminae (58-73cm),mottling (77-94cm)",,,,forams and nannos (47-66cm),,,,H,10.01348,-19.24563,0034.80,3520,3573
108,660,A,005,Hydraulic (Advanced) Piston Core,04,MAZ,094,,,150,,,"silty clay alternating with and grading up into mud-bearing, foram-bearing nannofossil ooze","gray/light gray (94-115cm), light gray w/ dark greenish gray @ 135,141cm (115-144cm), light olive gray (144-150cm)","5y 6/1, 5y 7/1 with 5gy 4/1 @ 135,141cm, 5y 6/2",,,,,"forams, nannos",,,,H,10.01348,-19.24563,0034.80,3573,3629
108,660,A,005,Hydraulic (Advanced) Piston Core,05,MAZ,000,,,019,,,"silty clay alternating w/ and grading up into mud-bearing, foraminifer-bearing nannofossil ooze","gray (0-12cm), gray/light gray (12-15cm), very dark gray (15cm), dark greenish gray (15-19cm)","5y 5/1, 5y 6/1, 5y 3/1, 5g 4/1 (15cm), 5gy 4/1 (15-19cm)","moderate bioturbation (0-12cm), laminae (13-19cm)",,,,"forams, nannos",,,,H,10.01348,-19.24563,0036.30,3629,3648
108,660,A,005,Hydraulic (Advanced) Piston Core,05,MAZ,019,,,068,,,"silty clay alternating with and grading up into mud-bearing, foram-bearing nannofossil ooze","gray (45-57cm), gray/light gray (32-45,57-68cm), interbedded very dark gray & dark gray (19-32cm)","5y 5/1, 5y 6/1, 5y 3/1-5y 4/1","moderate bioturbation (32-45,57-68cm), interbeds (19-32cm)",,,,"forams, nannos",,,,H,10.01348,-19.24563,0036.30,3648,3697
108,660,A,005,Hydraulic (Advanced) Piston Core,05,MAZ,068,,,091,,,"silty clay alternating w/ and grading up into mud-bearing, foraminifer-bearing nannofossil ooze","gray (68-75cm), dark greenish gray (75cm), greenish gray (75-79cm), interbedded dark gray and gray (79-91cm)","5y 5/1,5g 4/1,5gy 6/1,5y 4/1 - 5y 5/1","interbeds (79-91cm), laminae (68-79cm)",,,,"forams, nannos",,,,H,10.01348,-19.24563,0036.30,3697,3720
108,660,A,005,Hydraulic (Advanced) Piston Core,05,MAZ,091,,,112,,,"silty clay alternating with and grading up into mud-bearing, foram-bearing nannofossil ooze","gray (94-98,99-102cm), gray/light gray (98-99,102-112cm), dark gray (91-94,106cm)","5y 5/1, 5y 6/1, 5y 4/1, n4/",laminae (91-112cm),,,,"forams, nannos",,,,H,10.01348,-19.24563,0036.30,3720,3741
108,660,A,005,Hydraulic (Advanced) Piston Core,05,MAZ,112,,,150,,,"silty clay alternating w/ and grading up into mud-bearing, foraminifer-bearing nannofossil ooze","light olive gray (112-120,138-150cm), gray/light gray (120-127,131-138cm), gray (127-131cm)","5y 6/2, 5y 6/1, n 5/","moderate bioturbation (115-125cm), laminae (112-116,127-131cm)",,,,"forams, nannos",,,,H,10.01348,-19.24563,0036.30,3741,3779
108,660,A,005,Hydraulic (Advanced) Piston Core,06,MAZ,000,,,080,,,"silty clay alternating with and grading up into mud-bearing, foram-bearing nannofossil ooze (0-25,54-80cm)","light olive gray (0-25cm), olive gray (25-38cm), dark gray (38-54cm), gray/light gray (54-80cm)","5y 6/2, 5y 5/2, 5y 4/1, 5y 6/1","chondrites (38-45cm), moderate bioturbation (37-54cm)",highly disturbed (65-80cm),,,"forams and nannos (0-25,54-80cm)",,,,H,10.01348,-19.24563,0037.80,3779,3859
108,660,A,005,Hydraulic (Advanced) Piston Core,06,MAZ,080,,,150,,,"silty clay alternating with and grading up into mud-bearing, foram-bearing nannofossil ooze","light gray (80-92cm), gray-dark gray (92-100cm), mixture of gray-light gray with very dark gray @ 114cm (100-150cm)","5y 7/1, 5y 5/1-5y 4/1, 5y 6/1-5y 7/1? with 5y 3/1 at 114cm",,"highly (80-85,115-150cm) to moderately (92-100cm) disturbed",,,"forams, nannos",upper section is injected into lower section (100-150cm),,,H,10.01348,-19.24563,0037.80,3859,3929
108,660,A,005,Hydraulic (Advanced) Piston Core,07,MAZ,000,,,049,,,"silty clay and/or mud-bearing, foraminifer-bearing nannofossil ooze","light gray-gray/light gray (0-20,30-49cm), light gray (0-49cm) - wedges of light gray-gray/light gray in light gray","5y 7/1 & 5y 6/1, 5y 7/1",,moderately to highly? disturbed,,,"forams, nannos",,,,H,10.01348,-19.24563,0039.30,3929,3978
108,660,A,005,Hydraulic (Advanced) Piston Core,CC,MAZ,000,,,022,,,"silty clay and/or mud-bearing, foraminifer-bearing nannofossil ooze",light gray w/ mottles of gray,5y 7/1 w/ mottles of 5y 5/1,mottling (created by drilling),highly disturbed,,,"forams, nannos",,,,H,10.01348,-19.24563,0039.79,3979,4001
108,660,A,006,Hydraulic (Advanced) Piston Core,01,MAZ,000,,,107,,,"silty clay alternating with and grading up into mud-bearing, foram-bearing nannofossil ooze, void (0-6cm)","gray-gray/light gray (6-85cm), dark gray (85-93cm), gray with green laminae @ 93-100cm (93-107cm)","5y 5/1-5y 6/1, 5y 4/1, 5y 5/1",green laminae at angle (93-100cm),highly disturbed (6-107cm),,,"forams, nannos",flow-in (6-85cm),,,H,10.01348,-19.24563,0039.80,3979,4086
108,660,A,006,Hydraulic (Advanced) Piston Core,01,MAZ,107,,,124,,,"silty clay and mud-bearing, foram-bearing nanno ooze","gray/light gray mottled w/ gray (107-118cm), gray (118-124cm)","5y 6/1 mottled w/ 5y 5/1 (107-118cm), 5y 5/1 (118-124cm)","mottling (107-118cm), minor bioturbation (118-124cm)",highly disturbed (107-118cm),,,forams and nannos,,,,H,10.01348,-19.24563,0039.80,4086,4103
108,660,A,006,Hydraulic (Advanced) Piston Core,01,MAZ,124,,,150,,,"silty clay and mud-bearing, foram-bearing nannofossil ooze (124-138cm)","gray/light gray (124-138cm), gray (138-150cm)","5y 6/1, 5y 5/1",minor bioturbation?,,,,forams and nannos (124-138cm),,,,H,10.01348,-19.24563,0039.80,4103,4129
108,660,A,006,Hydraulic (Advanced) Piston Core,02,MAZ,000,,,086,,,"silty clay alternating with and grading up into mud-bearing, foram-bearing nannofossil ooze (5-28,63-86cm)","gray-dark gray (0-5cm), light gray (5-28,72-86cm), dark gray (28-40,72cm), gray (40-63cm),gray/light gray (63-72cm)","5y 5/1-5y 4/1, 5y 7/1 (5-19cm), 5y 7/2 (19-28cm), 5y 4/1, 5y 5/1, 5y 6/1","moderate bioturbation (5-10,40-50cm), laminae (50-55cm)",,,,"forams and nannos (5-28,63-86cm)",dark gray has sharp basal contact and gradational contacts into light gray,,,H,10.01348,-19.24563,0041.30,4129,4215
108,660,A,006,Hydraulic (Advanced) Piston Core,02,MAZ,086,,,150,,,"silty clay alternating with and grading up into mud-bearing, foram-bearing nannofossil ooze (86-92,106-118,131-150cm)","light olive gray (86-92cm), gray (92-106,118-131cm), gray/light gray (106-118,131-150cm)","5y 6/2, 5y 5/1, 5y 6/1","moderate bioturbation (105-115, 130-140cm)",,,,"forams and nannos (86-92,106-118,131-150cm)",,,,H,10.01348,-19.24563,0041.30,4215,4279
108,660,A,006,Hydraulic (Advanced) Piston Core,03,MAZ,000,,,109,,,"silty clay alternating w/ and grading up into mud-bearing, foraminifer-bearing nannofossil ooze","gray (0-33,80-109cm), light gray (33-65cm), interbedded gray/light gray (65-80cm)","10y 5/1(0-15,95-109cm),5y 5/1(15-33,80-109cm),5y 7/1,5y 6/1 interbed w/ 10y 5/2","chondrites (80-95cm), moderate bioturbation (15-33,50-65,80-109cm), laminae (0-15cm), bedding (65-80cm)",,,,"forams, nannos",,,,H,10.01348,-19.24563,0042.80,4279,4388
108,660,A,006,Hydraulic (Advanced) Piston Core,03,MAZ,109,,,150,,,"silty clay and/or mud-bearing, foram-bearing nannofossil ooze","light gray (109-132cm), light olive gray (132-150cm), dark gray layers (115,125cm)","5y 7/1, 5y 6/2, 5y 4/1","layers (115,125cm), minor bioturbation",,,,"forams, nannos",,,,H,10.01348,-19.24563,0042.80,4388,4429
108,660,A,006,Hydraulic (Advanced) Piston Core,04,MAZ,000,,,082,,,"silty clay alternating with and grading up into mud-bearing, foram-bearing nannofossil ooze","light olive gray (0-10,50-72cm), gray (17-24cm), light gray (35-50cm), olive gray (72-82cm)","5y 6/2, 10y 6/1 (10-17,24-35cm), 5y 5/1, 5y 7/1, 5y 5/2","moderate bioturbation (35-45,50-60cm), laminae? (16-35,73-81cm)",,,,"forams, nannos",,,,H,10.01348,-19.24563,0044.30,4429,4511
108,660,A,006,Hydraulic (Advanced) Piston Core,04,MAZ,082,,,150,,,"silty clay alternating with and grading up into mud-bearing, foram-bearing nannofossil ooze","gray/light gray (82-95cm), light olive gray (95-110,121-131,147-150cm), light gray (131-147cm)","5y 6/1, 5y 6/2, 5y 7/1, 10y 6/2 (110-121cm)",moderate bioturbation (82-93cm),,,,"forams, nannos",,,,H,10.01348,-19.24563,0044.30,4511,4579
108,660,A,006,Hydraulic (Advanced) Piston Core,05,MAZ,000,,,050,,,"silty clay alternating with and grading up into mud-bearing, foram-bearing nannofossil ooze","gray/light gray mottled w/ light gray(0-12cm),light olive gray w/ dark gray@40cm(12-24,32-45cm),gray(24-32,45-50cm)","5y 6/1 mottled w/ 5y 7/1, 5y 6/2, 5y 5/1, 5y 6/2 with 5y 4/1 at 40cm","mottling (0-12cm), minor (12-24cm) to moderate (0-12,24-50cm) bioturbation, lamina (40cm)",,,,"forams, nannos",,,,H,10.01348,-19.24563,0045.80,4579,4629
108,660,A,006,Hydraulic (Advanced) Piston Core,05,MAZ,050,,,086,,,"silty clay alternating with and grading up into mud-bearing, foram-bearing nannofossil ooze","light gray (50-73cm), greenish gray (73-78cm), light greenish gray (78-86cm), green laminae (73,77,86cm)","5y 7/1, 5g 6/1, 5gy 7/1","green laminae (73,77,86cm)",,,,"forams, nannos",,,,H,10.01348,-19.24563,0045.80,4629,4665
108,660,A,006,Hydraulic (Advanced) Piston Core,05,MAZ,086,,,115,,,"silty clay alternating with and grading up into mud-bearing, foram-bearing nannofossil ooze","light greenish gray-light gray (86-107cm), gray/light gray (107-113cm), greenish gray (113-115cm)","5g 7/1 to 5y 7/1, 5y 6/1, 5gy 6/1","chondrites (113-115cm), moderate bioturbation (107-115cm)",,,,"forams, nannos",,,,H,10.01348,-19.24563,0045.80,4665,4694
108,660,A,006,Hydraulic (Advanced) Piston Core,05,MAZ,115,,,150,,,"silty clay and mud-bearing, foram-bearing nannofossil ooze (132-150cm)","dark gray (115-125cm), gray (125-132cm), gray/light gray (132-150cm)","5y 4/1, 5y 5/1, 5y 6/1","moderate bioturbation (121-140cm), laminae (115-121cm)",,,,forams and nannos (132-150cm),,,,H,10.01348,-19.24563,0045.80,4694,4729
108,660,A,006,Hydraulic (Advanced) Piston Core,06,MAZ,000,,,056,,,"silty clay and mud-bearing, foram-bearing nannofossil ooze (0-13cm)","gray/light gray(0-6cm),light olive gray(6-13cm),gray(13-39cm),dark gray/ mottled gray(37-56cm),green(16,33,37,40cm)","5y 6/1, 5y 6/2, 5y 5/1, 5y 4/1 mottled w/ 5y 5/1","moderate bioturbation (13-38cm), laminae (16,33,37,40-56cm), chondrites (13-39cm), mottling (38-57cm)",,,,forams and nannos (0-13cm),,,,H,10.01348,-19.24563,0047.30,4729,4785
108,660,A,006,Hydraulic (Advanced) Piston Core,06,MAZ,056,,,150,,,"silty clay alternating with and grading up into mud-bearing, foram-bearing nannofossil ooze","light gray (56-71,133-150cm), gray/light gray (71-80cm), light olive gray (80-133cm), green laminae (108cm)","5y 7/1, n6/, 5y 6/2","moderate (65-70,115-130cm) to minor (133-150cm) bioturbation, laminae (56-65,108cm)",,,,"forams, nannos",,,,H,10.01348,-19.24563,0047.30,4785,4879
108,660,A,006,Hydraulic (Advanced) Piston Core,07,MAZ,000,,,013,,,"mud-bearing, foraminifer-bearing nannofossil ooze",light gray with gray/light gray wedge (8-13cm),5y 7/1 with 5y 6/1 wedge,,highly disturbed,,,"forams, nannos",,,,H,10.01348,-19.24563,0048.80,4879,4892
108,660,A,006,Hydraulic (Advanced) Piston Core,CC,MAZ,000,,,026,,,"silty clay and/or mud-bearing, foraminifer-bearing nannofossil ooze",dark greenish gray & greenish gray,5g 4/1 & 5g 5/1 & 5g 6/1,,"drilling slurry, highly disturbed",,,"forams, nannos",,,,H,10.01348,-19.24563,0048.93,4893,4919
108,660,A,007,Hydraulic (Advanced) Piston Core,01,KAT,000,,,150,,,"muddy nannofossil ooze (42-72,110-140cm) alternating w/ and grading up into foraminifer-bearing, muddy nannofossil ooze","light gray (0-42,72-110,140-150cm), gray/light gray (42-72,110-140cm)","5y 7/1, 5y 6/1","chondrites burrows mostly in gray/light gray (42-72,110-140cm), minor bioturbation (40-72,110-145cm), fossil (40cm)",highly(0-35cm)-soupy(87-90cm)-moderately(90-150cm) disturbed,,,"forams(0-42,72-110,140-150cm) nannos",,,,H,10.01348,-19.24563,0049.30,4929,5079
108,660,A,007,Hydraulic (Advanced) Piston Core,02,KAT,000,,,150,,,"muddy nannofossil ooze(9-55,90-111,140-150cm) alternating w/ & grading up to foraminifer-bearing, muddy nannofossil ooze","gray/light gray(0-9cm),light gray(9-55,90-111cm),white w/ thin layers of light gray @115,126,133cm(55-90,111-150cm)","5y 6/1, 5y 7/1, 5y 8/1 w/ 5y 7/1","minor bioturbation (50-75,90-150cm), layers (115,126,133cm)","highly disturbed (9-70,90-100cm)",,,"forams (0-9,55-90,111-140cm), nannos",,,,H,10.01348,-19.24563,0050.80,5079,5229
108,660,A,007,Hydraulic (Advanced) Piston Core,03,KAT,000,,,151,,,"muddy nannofossil ooze (26-47,72-97,118-151cm) alternating w/ and grading up into foram-bearing, muddy nannofossil ooze","white (0-26,47-72,97-108cm), light gray (26-47,72-97,108-151cm)","5y 8/1, 5y 7/1","minor bioturbation (35-45,80-97,110-126cm)",slightly disturbed (26-47cm),,,"forams (0-26,47-72,97-118cm), nannos",,,,H,10.01348,-19.24563,0052.30,5229,5380
108,660,A,007,Hydraulic (Advanced) Piston Core,04,CUR,000,,,105,,,"muddy nannofossil ooze(0-20,45-55,94-105cm) alternating w/ & grading up to foram-bearing, muddy nannofossil ooze","grayish brown(0-20cm),light gray(20-45,55-94cm),light brownish gray(45-55cm),grayish brown-light brownish gray(94-105cm)","2.5y 5/2, 2.5y 7/2, 2.5y 6/2, 2.5y 6/2-2.5y 5/2","minor (35-45, 55-65cm) to moderate (20-25cm) bioturbation",,,,"forams (20-45,55-94cm), nannos",,,,H,10.01348,-19.24563,0053.80,5379,5484
108,660,A,007,Hydraulic (Advanced) Piston Core,04,CUR,105,,,150,,,"muddy nannofossil ooze (118-141cm) alternating with and grading up into foram-bearing, muddy nannofossil ooze","light gray (105-118,141-150cm), light brownish gray (118-141cm)","2.5y 7/2, 2.5y 6/2",moderate bioturbation (135-145cm),,,,"forams (105-118,141-150cm), nannos",,,,H,10.01348,-19.24563,0053.80,5484,5529
108,660,A,007,Hydraulic (Advanced) Piston Core,05,CUR,000,,,079,,,"muddy nannofossil ooze(0-15,55-67cm) alternating w/ & grading up to foram-bearing, muddy nannofossil ooze(15-55,67-79cm)","light brownish gray(0-15cm), light gray(15-55cm),grayish brown (55-67cm), light brownish gray-light gray(67-79cm)","2.5y 6/2, 2.5y 7/2, 2.5y 5/2, 2.5y 6/2 to 2.5y 7/2","moderate bioturbation (10-20,60-70cm)",,,,"forams (15-55,67-79cm), nannos",,,,H,10.01348,-19.24563,0055.30,5529,5608
108,660,A,007,Hydraulic (Advanced) Piston Core,05,CUR,079,,,150,,,"muddy nanno ooze (79-90,100-103cm) alternating w/ and grading up into foram-bearing, muddy nanno ooze (90-100,103-150cm)","light brownish gray (79-90,100-114cm), light brownish gray to light gray (114-150cm)","2.5y 6/2, 2.5y 6/2-2.5y 7/2, 2.5y 7/2",moderate bioturation (110-120cm),,,,"nannos, forams (90-100,103-150cm)",,,,H,10.01348,-19.24563,0055.30,5608,5679
108,660,A,007,Hydraulic (Advanced) Piston Core,06,CUR,000,,,150,,,"muddy nannofossil ooze (97-107,114-124cm) alternating w/ & grading up to foram-bearing, muddy nannofossil ooze","light gray (0-97,107-114,124-140cm), light brownish gray (97-107,114-124cm)","5y 7/2, 2.5y 6/2","moderate bioturbation (55-60,107-114,125-130cm)",highly disturbed (140-150cm),,,"forams (0-97,107-114,124-140cm), nannos",flow-in (140-150cm),,,H,10.01348,-19.24563,0056.80,5679,5829
108,660,A,007,Hydraulic (Advanced) Piston Core,07,CUR,000,,,060,,,"muddy nannofossil ooze and/or foram-bearing, muddy nannofossil ooze",,,,highly disturbed,,,"forams, nannos",flow-in,,,H,10.01348,-19.24563,0058.30,5829,5889
108,660,A,007,Hydraulic (Advanced) Piston Core,CC,CUR,000,,,009,,,"muddy nannfossil ooze and/or foram-bearing, muddy nannofossil ooze",,,,highly disturbed,,,"forams, nannos",flow-in,,,H,10.01348,-19.24563,0058.90,5890,5899
108,660,A,008,Hydraulic (Advanced) Piston Core,01,KAT,000,,,150,,,"nannofossil-bearing, silty clay (53-70,116-123,133-143cm) grading into mud-bearing nannofossil ooze, void (143-150cm)","gray/light gray (53-70cm), white (70-90cm), light gray (90-116,123-133cm), light olive gray (116-123,133-143cm)","5y 6/1, 5y 8/1, 5y 7/1 (90-116cm), 5y 7/2 (123-133cm), 5y 6/2","minor bioturbation (53-70,95-105,116-123,133-143cm)",highly (0-70cm) to moderately (70-90cm) disturbed,,,nannos,,,,H,10.01348,-19.24563,0058.80,5879,6029
108,660,A,008,Hydraulic (Advanced) Piston Core,02,KAT,000,,,150,,,"nannofossil-bearing, silty clay (0-5,25-32,40-52,97-107,125-139cm) alternating w/ mud-bearing nannofossil ooze","olive (0-5,40-52,125-139cm), light gray (5-25,32-40,52-97,107-125,139-150cm), pale olive (25-32,97-107cm)","5y 5/3, 5y 7/2, 5y 6/3","minor(0-10,25-35,45-55,70-80,90-97,107-115,139-145cm)- moderate(40-45,97-107,125-139cm) bioturbation,chondrites(75-80cm)",,,,nannos,,,,H,10.01348,-19.24563,0060.30,6029,6179
108,660,A,008,Hydraulic (Advanced) Piston Core,03,KAT,000,,,150,,,"nannofossil-bearing, silty clay (0-8,31-38,90-100,114-150cm) grading into mud-bearing nannofossil ooze","pale olive (0-8,90-100,133-148cm), light gray (8-90,114-133,148-150cm), white (100-114cm)","5y 6/3, 5y 7/1(8-31,38-90cm), 5y 7/2 (31-38,114-133,148-150cm), 5y 8/1","minor(8-20,31-38,70-90,100-133,139-145cm)-moderate(0-8,90-100,133-138,145-148cm)bioturbation,chondrites(31-38,110-119cm)",,,,nannos,,,,H,10.01348,-19.24563,0061.80,6179,6329
108,660,A,008,Hydraulic (Advanced) Piston Core,04,KAT,000,,,150,,,"nannofossil-bearing, silty clay (30-47,61-84,100-130,140-150cm) grading into mud-bearing nannofossil ooze","light gray (0-30,47-61,84-100,130-140cm), olive (30-47,75-84,140-150cm), pale olive (61-75,100-130cm)","5y 7/1 (0-30,47-61,130-140cm), 5y 7/2 (84-100cm), 5y 5/3, 5y 6/3","minor(0-10,47-50,84-90,130-135,145-150cm)-moderate(30-47,61-84,100-130,140-145cm) bioturbation,zoophycos(30-35,125-130,140-145cm)",,,,nannos,,,,H,10.01348,-19.24563,0063.30,6329,6479
108,660,A,008,Hydraulic (Advanced) Piston Core,05,KAT,000,,,095,,,"nannofossil-bearing, silty clay (0-11,46-55,83-95cm) alternating w/ and grading into mud-bearing nannofossil ooze","olive (0-11cm), light gray (11-27,55-83cm), white (27-46cm), pale olive (46-55,83-95cm), black spots (35-45cm)","5y 5/3, 5y 7/2, 5y 8/1, 5y 6/3","minor (0-5,11-15,27-46,55-83cm) to moderate (5-11,15-27,46-55,83-95cm) bioturbation",,,,nannos,,,,H,10.01348,-19.24563,0064.80,6480,6575
108,660,A,008,Hydraulic (Advanced) Piston Core,05,KAT,095,,,150,,,"nannofossil-bearing, silty clay (112-120cm) alternating with and grading into mud-bearing nannofossil ooze","light gray (95-112,130-140cm), white (120-130,140-150cm), pale olive (112-120cm)","5y 7/2, 5y 8/1, 5y 6/3","nested zoophycos burrows (95-112cm), minor (115-150cm) to moderate (95-115cm) bioturbation, zoophycos (139cm)",,,,nannos,,,,H,10.01348,-19.24563,0064.80,6575,6630
108,660,A,008,Hydraulic (Advanced) Piston Core,06,CUR,000,,,080,,,"nannofossil-bearing, silty clay grading into mud-bearing nannofossil ooze","pale olive grading upward to white(0-30cm), light olive brown grading upward to light gray (30-80cm)","5y 6/3 grading upward to 5y 8/1 (0-30cm), 2.5y 5/4 grading upward to 5y 7/2 (30-80cm)","moderate bioturbation (30-40,75-80cm)",,,,nannos,,,,H,10.01348,-19.24563,0066.30,6630,6710
108,660,A,008,Hydraulic (Advanced) Piston Core,06,CUR,080,,,150,,,nanno-bearing silty clay grading into mud-bearing nanno ooze,pale olive grading upward to light gray,5y 6/3 grading upward to 5y 7/2,"moderate bioturbation (80-90,130-135cm)",,,,nannos,,,,H,10.01348,-19.24563,0066.30,6710,6780
108,660,A,008,Hydraulic (Advanced) Piston Core,07,CUR,000,,,035,,,"nannofossil-bearing, silty clay alternating w/ and grading into mud-bearing nannofossil ooze","light yellowish brown-pale olive (0-13cm), pale olive (13-35cm)","2.5y 6/4-5y 6/3, 5y 6/3",moderate bioturbation (10-15cm),,,,nannos,,,,H,10.01348,-19.24563,0067.80,6780,6815
108,660,A,008,Hydraulic (Advanced) Piston Core,CC,JAN,000,,,011,,,"nannofossil-bearing, silty clay",pale olive,5y 6/3,minor bioturbation,slightly disturbed,,,nannos,,,,H,10.01348,-19.24563,0068.14,6813,6824
108,660,A,009,Hydraulic (Advanced) Piston Core,01,KAT,000,,,150,,,"nannofossil-bearing, silty clay (70-84,116-148cm) grading into mud-bearing nannofossil ooze, void (148-150cm)","light brownish gray (70-84,116-127,144-148cm), white (84-93,104-116cm), light gray(93-104cm), pale olive(127-144cm)","2.5y 6/3, 5y 8/1, 2.5y 7/2 (93-104cm), 5y 6/3 (127-144cm)","minor bioturbation (70-93,100-127,144-148cm), zoophycos (88,101,119-122cm)",highly disturbed (0-70cm),,,nannos,,,,H,10.01348,-19.24563,0068.30,6830,6980
108,660,A,009,Hydraulic (Advanced) Piston Core,02,KAT,000,,,150,,,"nannofossil-bearing, silty clay (0-3,15-117,122-150cm) alternating w/ and grading into mud-bearing nannofossil ooze","light yellowish brown (rest), light gray (3-15,117-122cm), pale olive (23-35,41-55,63-72,90-96,106-117,137-145cm)","2.5y 6/3 (0-3,15-23,35-41,55-63,72-90,96-106,122-137,145-150cm), 5y 7/2, 5y 6/3","moderate to minor bioturbation (0-10,15-23,35-41,55-63,72-117,122-150cm)",,,,nannos,,,,H,10.01348,-19.24563,0069.80,6980,7130
108,660,A,009,Hydraulic (Advanced) Piston Core,03,KAT,000,,,150,,,"nannofossil-bearing, silty clay alternating w/ and grading into mud-bearing nannofossil ooze (50-56,69-84cm)","light yellowish brown (0-35,56-69cm), pale olive (35-50cm), light gray (50-56,69-84cm), olive (84-150cm)","2.5y 6/3, 5y 6/3, 5y 7/1, 5y 5/3 (84-150cm)","minor (0-30,40-50,56-69,105-115,125-135,140-150cm) to moderate (95-105,115-125,135-140cm) bioturbation, laminae(90-95cm)",,,,nannos,,,,H,10.01348,-19.24563,0071.30,7130,7280
108,660,A,009,Hydraulic (Advanced) Piston Core,04,KAT,000,,,150,,,"nannofossil-bearing, silty clay alternating w/ and grading into mud-bearing nannofossil ooze (75-90,101-112cm)","grayish brown/light olive brown(0-58,67-75cm),pale olive(58-67cm),light gray(75-90,101-112cm),light brownish gray(90-101,112-122cm)","2.5y 5/3, 5y 6/3, 5y 7/2, 2.5y 6/3","minor (0-30,67-80,90-101,105-112,122-150cm) to moderate (58-67cm) bioturbation",,,,nannos,,,,H,10.01348,-19.24563,0072.80,7280,7430
108,660,A,009,Hydraulic (Advanced) Piston Core,05,KAT,000,,,067,,,"nannofossil-bearing, silty clay","grayish brown/light olive brown(0-5,39-45,52-60cm), light brownish gray/light yellowish brown (5-39,45-52,60-67cm)","2.5y 5/3, 2.5y 6/3","minor bioturbation (0-15,35-50cm), chondrites (5-11cm)",,,,nannos,,,,H,10.01348,-19.24563,0074.30,7430,7497
108,660,A,009,Hydraulic (Advanced) Piston Core,05,KAT,067,,,150,,,nanno-bearing silty clay alternating w/ and grading into mud-bearing nanno ooze (124-135cm),"grayish brown/light olive brown (67-124cm), light gray (124-135cm), pale olive (135-150cm)","2.5y 5/3, 5y 7/2, 5y 6/3","minor bioturbation (70-80,90-100,124-135cm), zoophycos (131cm)",,,,nannos,,,,H,10.01348,-19.24563,0074.30,7497,7580
108,660,A,009,Hydraulic (Advanced) Piston Core,06,JAN,000,,,150,,,"nannofossil-bearing, silty clay alternating w/ & grading into mud-bearing nannofossil ooze w/ silty clay (120-150cm)",brown (120-150cm),10yr 5/3 (120-150cm),minor bioturbation (120-150cm),,,,nannos (0-120cm),,,,H,10.01348,-19.24563,0075.80,7580,7730
108,660,A,009,Hydraulic (Advanced) Piston Core,07,JAN,000,,,041,,,silty clay,brown,10yr 5/3,minor bioturbation,,,,,,,,H,10.01348,-19.24563,0077.30,7730,7771
108,660,A,009,Hydraulic (Advanced) Piston Core,CC,JAN,000,,,021,,,silty clay,brown,10yr 5/3,minor bioturbation,,,,,,,,H,10.01348,-19.24563,0077.74,7773,7794
108,660,A,010,Hydraulic (Advanced) Piston Core,01,CUR,000,,,150,,,clay,brown with mottles of reddish tint,10yr 5/3,"moderate bioturbation (25-95,130-150cm), mottling",,,,,,,,H,10.01348,-19.24563,0077.80,7780,7930
108,660,A,010,Hydraulic (Advanced) Piston Core,02,CUR,000,,,150,,,clay,brown with mottles of reddish tint,10yr 5/3,"moderate bioturbation (15-25,65-80,120-140cm), mottling",,,,,,,,H,10.01348,-19.24563,0079.30,7930,8080
108,660,A,010,Hydraulic (Advanced) Piston Core,03,CUR,000,,,150,,,clay,"brown with mottles of reddish tint and pale olive (0-137cm), pale olive (137-150cm)","10yr 5/3 with mottles of 5y 6/3, 5y 6/3","moderate bioturbation (20-30,55-65,95-110,120-135cm), mottling",,,,,,,,H,10.01348,-19.24563,0080.80,8080,8230
108,660,A,010,Hydraulic (Advanced) Piston Core,04,CUR,000,,,150,,,clay,"pale olive (0-70cm), yellowish brown with pale olive (70-150cm)","5y 6/3, 10yr 5/4 with 5y 6/3","minor bioturbation (20-30,75-90,115-125,135-145cm)",,,,,,,,H,10.01348,-19.24563,0082.30,8230,8380
108,660,A,010,Hydraulic (Advanced) Piston Core,05,CUR,000,,,150,,,clay,yellowish brown,10yr 5/4,"minor bioturbation (10-35,115-135cm)",,,,,,,,H,10.01348,-19.24563,0083.80,8380,8530
108,660,A,010,Hydraulic (Advanced) Piston Core,06,CUR,000,,,150,,,clay,pale brown,10yr 6/3,"minor bioturbation (0-75,100-140cm)",,,,,,,,H,10.01348,-19.24563,0085.30,8530,8680
108,660,A,010,Hydraulic (Advanced) Piston Core,07,JAN,000,,,053,,,clay,brown,10yr 5/3,minor bioturbation,,,,,,,,H,10.01348,-19.24563,0086.80,8680,8733
108,660,A,010,Hydraulic (Advanced) Piston Core,CC,JAN,000,,,024,,,clay,brown,10yr 5/3,moderate bioturbation (0-5cm),highly disturbed (8-24cm),,,,,,,H,10.01348,-19.24563,0087.33,8733,8757
108,660,A,011,Hydraulic (Advanced) Piston Core,01,KAT,000,,,150,,,clay,light yellowish brown,10yr 6/4,,highly (0-100cm) to moderately (100-150cm) disturbed,,,,,,,H,10.01348,-19.24563,0087.30,8730,8880
108,660,A,011,Hydraulic (Advanced) Piston Core,02,KAT,000,,,150,,,clay,light yellowish brown with burrowed horizons of brown,10yr 6/4 with burrowed horizons of 7.5yr 5/4,"burrowed horizons, minor bioturbation (15-80,110-120cm)",,,,,,,,H,10.01348,-19.24563,0088.80,8880,9030
108,660,A,011,Hydraulic (Advanced) Piston Core,03,KAT,000,,,150,,,clay,light yellowish brown with burrowed horizons of brown,10yr 6/4 with burrowed horizons of 7.5yr 5/4,"burrowed horizons, minor bioturbation (0-10,30-40,50-55,70-85,135-140cm)",,,,,,,,H,10.01348,-19.24563,0090.30,9030,9180
108,660,A,011,Hydraulic (Advanced) Piston Core,04,KAT,000,,,150,,,clay,"light yellowish brown (0-10,20-36,43-87,103-110,126-150cm),brown (10-20,36-43,87-103,110-126cm)","10yr 6/4, 7.5yr 5/4","minor (20-25,43-50,80-87,103-110,120-135cm) to moderate (15-20,36-43,87-103,110-120cm) bioturbation",,,,,,,,H,10.01348,-19.24563,0091.80,9180,9330
108,660,A,011,Hydraulic (Advanced) Piston Core,05,KAT,000,,,150,,,clay,"brown (0-11,22-60,74-86,100-150cm), light brown (11-22,60-74,86-100cm)","7.5yr 5/4, 7.5yr 6/4","minor (5-15,22-30,37-55,60-65,74-90,100-150cm) to moderate (30-37,55-60cm) bioturbation, chondrites (10,105-110cm)",,,,,,,,H,10.01348,-19.24563,0093.30,9330,9480
108,660,A,011,Hydraulic (Advanced) Piston Core,06,KAT,000,,,150,,,clay with minor silt (64-88cm),"brown (0-64,88-92,93-98,99-104,120-150cm), light gray (64-88,92-93,98-99cm), light yellowish brown (104-120cm)","7.5yr 5/4, 2.5y 7/2, 10yr 6/4, 7.5yr 5/3 (120-150cm)","minor (10-60,64-95,120-150cm) to moderate (95-104cm) bioturbation, chondrites (82-84,93-101cm), zoophycos (80cm)",,,,,,,,H,10.01348,-19.24563,0094.80,9480,9630
108,660,A,011,Hydraulic (Advanced) Piston Core,07,KAT,000,,,028,,,clay,"light yellowish brown (9-28cm), brown (0-9cm)","10yr 5/3 (0-9cm), 10yr 6/4 (9-28cm)",minor bioturbation (0-14cm),,,,,,,,H,10.01348,-19.24563,0096.30,9630,9658
108,660,A,011,Hydraulic (Advanced) Piston Core,CC,KAT,000,,,022,,,clay,"brown (0-6cm), light yellowish brown (6-22cm)","10yr 6/4 (6-22cm), 7.5yr 5/3 (0-6cm)",,,,,,,,,H,10.01348,-19.24563,0096.58,9658,9680
108,660,A,012,Hydraulic (Advanced) Piston Core,01,CUR,000,,,150,,,clay,"light yellowish brown grading down to strong brown (0-98,98-128cm), brown (128-150cm)","10yr 6/4 grading down to 7.5yr 5/6, 7.5yr 5/4","moderate bioturbation (65-75,95-105,125-140cm)",highly disturbed (0-68cm),,,,,,,H,10.01348,-19.24563,0096.80,9680,9830
108,660,A,012,Hydraulic (Advanced) Piston Core,02,KAT,000,,,078,,,clay,"brown (0-10,20-60cm), light yellowish brown (10-20cm), strong brown (60-78cm)","7.5yr 5/4, 10yr 6/4, 7.5yr 5/6","minor (5-10,22-25,32-35,45-50cm) to moderate (25-32,40-45cm) bioturbation",,,,,,,,H,10.01348,-19.24563,0098.30,9830,9908
108,660,A,012,Hydraulic (Advanced) Piston Core,02,KAT,078,,,150,,,clay,"brown (78-104cm), pinkish gray/light brown (104-119cm), light yellowish brown (119-140cm), light gray (140-150cm)","7.5yr 5/3, 7.5yr 6/3, 10yr 6/4, 5y 7/1","minor (78-85,95-104,110-125,130-135cm) to moderate (135-140cm) bioturbation",,,,,,,,H,10.01348,-19.24563,0098.30,9908,9980
108,660,A,012,Hydraulic (Advanced) Piston Core,03,KAT,000,,,073,,,clay with minor silt (48-73cm),"brown (0-30,69-73cm), light gray (30-48cm), light greenish gray (48-60cm), pale green (60-69cm)","7.5yr 5/3, 5y 7/1, 5gy 7/1, 5g 6/2",minor bioturbation (10-73cm),,,,,,,,H,10.01348,-19.24563,0099.80,9980,10053
108,660,A,012,Hydraulic (Advanced) Piston Core,03,KAT,073,,,150,,,clay,"pale green-grayish green (73-83cm), brown (83-110,120-136cm), light yellowish brown (110-120,136-150cm)","5g 6/2-5g 5/2, 7.5yr 5/3, 2.5y 6/4","minor (73-110cm) to moderate (110-140cm) bioturbation, zoophycos (140cm)",,,,,,,,H,10.01348,-19.24563,0099.80,10053,10130
108,660,A,012,Hydraulic (Advanced) Piston Core,04,JAN,000,,,090,,,clay,"light brownish gray (0-28cm), light brown (28-50,60-90cm), light greenish gray (50-60cm)","2.5y 6/2, 7.5yr 6/4, 5g 7/1","minor bioturbation (0-25,45-55,85-90cm)",,,,,,,,H,10.01348,-19.24563,0101.30,10130,10220
108,660,A,012,Hydraulic (Advanced) Piston Core,04,JAN,090,,,150,,,clay,"pale brown (90-122cm), light yellowish brown (122-150cm)","10yr 6/3, 10yr 6/4",minor bioturbation (90-110cm),,,,,,,,H,10.01348,-19.24563,0101.30,10220,10280
108,660,A,012,Hydraulic (Advanced) Piston Core,05,KAT,000,,,150,,,clay,"brown (0-140,146-150cm), light gray (140-146cm)","7.5yr 5/4, 5y 7/1","minor bioturbation (0-10,15-25,40-45,55-65,70-75,85-105,130-135cm)",,,,,,,,H,10.01348,-19.24563,0102.80,10280,10430
108,660,A,012,Hydraulic (Advanced) Piston Core,06,CUR,000,,,150,,,clay,cycles of light yellowish brown mottled with strong brown grading down to strong brown,cycles of 10yr 6/4 w/ 7.5yr 5/6 mottles down to 7.5yr 5/6,"mottling, moderate bioturbation (15-25,55-60,75-80,100-110cm)",,,,,bioturbation obvious at light/dark transition,,,H,10.01348,-19.24563,0104.30,10430,10580
108,660,A,012,Hydraulic (Advanced) Piston Core,07,CUR,000,,,055,,,clay,"strong brown (0-10cm), pale brown with very dark gray and black mottling (10-55cm)","7.5yr 5/6, 10yr 6/3 with 10yr 3/1 and 10yr 2/1",mottling (10-55cm),slightly disturbed,,,,,,,H,10.01348,-19.24563,0105.80,10580,10635
108,660,A,012,Hydraulic (Advanced) Piston Core,CC,CUR,000,,,039,,,"clay, void (30-31cm)",pale brown with very dark gray and black mottling,10yr 6/3 with 10yr 3/1 and 10yr 2/1,"mottling, minor (0-25cm) to moderate (25-39cm) bioturbation",slightly disturbed,,,,,,,H,10.01348,-19.24563,0106.34,10633,10672
108,660,A,013,Hydraulic (Advanced) Piston Core,01,CUR,000,,,150,,,clay,"light brown (60-100cm), light brown and very pale brown mottled (100-125cm), very pale brown (125-150cm)","7.5yr 6/4, 7.5yr 6/4 & 10yr 7/3 mottled, 10yr 7/3 (125-150cm)","mottling (100-125cm), moderate bioturbation (100-125cm)",soupy (0-60cm),,,,,,,H,10.01348,-19.24563,0106.30,10630,10780
108,660,A,013,Hydraulic (Advanced) Piston Core,02,CUR,000,,,150,,,clay,"very pale brown (105-150cm), very pale brown grading down to light brown (0-55,55-105cm)","10yr 7/3, 10yr 7/3 grading down to 7.5yr 6/4","moderate bioturbation (50-60,100-110,135-145cm)",,,,,,,,H,10.01348,-19.24563,0107.80,10780,10930
108,660,A,013,Hydraulic (Advanced) Piston Core,03,CUR,000,,,150,,,clay,"light brown(0-35cm),cycles of very pale brown grading down - light brown(35-75,75-120cm),very pale brown(120-150cm)","7.5yr 6/4, 10yr 7/3 grading down to 7.5yr 6/4, 10yr 7/3","moderate bioturbation (35-45,70-85,115-125cm)",,,,,,,,H,10.01348,-19.24563,0109.30,10930,11080
108,660,A,013,Hydraulic (Advanced) Piston Core,04,JAN,000,,,150,,,clay,"light yellowish brown (0-14cm), pale olive (14-35cm), light brown (35-67,89-117cm),very pale brown(67-89,117-150cm)","10yr 6/4, 5y 6/3, 7.5yr 6/4, 10yr 7/3","minor bioturbation (5-20,30-40,60-75,85-95,110-125cm)",,,,,,,,H,10.01348,-19.24563,0110.80,11080,11230
108,660,A,013,Hydraulic (Advanced) Piston Core,05,CUR,000,,,040,,,clay,"light brown mottled (0-10cm), light brown grading up to very pale brown (10-40cm)","7.5yr 6/4 mottled, 7.5yr 6/4 grading up to 10yr 7/3",mottling (0-10cm),,,,,,,,H,10.01348,-19.24563,0112.30,11230,11270
108,660,A,013,Hydraulic (Advanced) Piston Core,05,CUR,040,,,150,,,clay,"light brown grading up to very pale brown(40-115cm),very pale brown(115-150cm),light bluish gray burrows (40-150cm)","7.5yr 6/4 grading up to 10yr 7/3, 10yr 7/3, 5b 7/1 burrows","moderate bioturbation (45-70cm), burrows (40-150cm)",,,,,,,,H,10.01348,-19.24563,0112.30,11270,11380
108,660,A,013,Hydraulic (Advanced) Piston Core,06,JAN,000,,,150,,,clay,"very pale brown (0-34,48-58,60-89,110-150cm), light greenish gray (34-48,58-60,89-110cm)","10yr 7/3, 5g 7/1","minor bioturbation, infilled burrows",,,,,,,,H,10.01348,-19.24563,0113.80,11380,11530
108,660,A,013,Hydraulic (Advanced) Piston Core,07,CUR,000,,,052,,,clay,"pale green (0-26cm), very pale brown mottled with pale green (26-52cm)","5g 7/2, 10yr 7/3 mottled with 5g 7/2","moderate bioturbation (0-10,26-52cm), mottling (26-52cm)",,,,,,,,H,10.01348,-19.24563,0115.30,11530,11582
108,660,A,013,Hydraulic (Advanced) Piston Core,CC,CUR,000,,,033,,,clay,"light brown (0-10,13-33cm), pale green (10-13cm)","7.5yr 6/4, 5g 7/2",,,,,,,,,H,10.01348,-19.24563,0115.81,11580,11613
108,660,A,014,Hydraulic (Advanced) Piston Core,01,KAT,000,,,150,,,radiolarian ooze,"pale yellow(65-85cm), pale yellow w/ black(85-98,133-138cm), very pale brown (98-133,138-150cm)","2.5y 7/4, 2.5y 7/4 w/ 10yr 2/1, 10yr 7/4","laminae (85-98,133-138cm), minor bioturbation (85-98,133-138cm), fault? (95-98cm)",highly disturbed (0-65cm),,,radiolarians,,,,H,10.01348,-19.24563,0115.80,11580,11730
108,660,A,014,Hydraulic (Advanced) Piston Core,02,KAT,000,,,150,,,radiolarian ooze,"yellow (0-7cm), very pale brown w/ black laminae (7-138,140-150cm), very pale brown (138-140cm)","10yr 7/6, 10yr 7/4 w/ 10yr 2/1, 10yr 7/4","minor bioturbation (7-35,55-70,75-90,100-110,138-145cm), laminae (7-138,140-150cm), chondrites (9-15,138-140cm)",,,,radiolarians,,,,H,10.01348,-19.24563,0117.30,11730,11880
108,660,A,014,Hydraulic (Advanced) Piston Core,03,JAN,000,,,150,,,radiolarian ooze,"very dark grayish brown (0-75,130-150cm), very pale brown (75-130cm)","10yr 3/2, 10yr 7/3","minor (25-50cm) to moderate (0-10cm) bioturbation, 1cm thick laminations (1-75,100-110,130-150cm)",,,,radiolarians,,,,H,10.01348,-19.24563,0118.80,11880,12030
108,660,A,014,Hydraulic (Advanced) Piston Core,04,KAT,000,,,150,,,"radiolarian ooze, void (140-150cm)","very pale brown w/ black laminae (0-2,9-26,57-73,82-140cm), very pale brown (2-9,26-57,76-82cm)","10yr 7/4 w/ 10yr 2/1 laminae, 10yr 7/4","minor (15-20,30-45,55-70,82-90,125-135cm) to moderate (105-115cm) bioturbation, laminae (0-2,9-26,57-73,82-140cm)",,,,radiolarians,,,,H,10.01348,-19.24563,0120.30,12030,12180
108,660,A,014,Hydraulic (Advanced) Piston Core,05,JAN,000,,,150,,,"radiolarian ooze, void (30-86, 133-150 cm)","very pale brown (0-6 cm), very dark grayish brown mottled w/ very pale brown (6-30, 86-133 cm)","10yr 7/3, 10yr 3/2 mottled with 10yr 7/3","strong bioturbation (6-30,86-133cm), mottling (6-30,86-133cm)",,,,radiolarians,,,,H,10.01348,-19.24563,0121.80,12180,12330
108,660,A,014,Hydraulic (Advanced) Piston Core,06,JAN,000,,,118,,,radiolarian ooze,"very dark grayish brown mottled w/ very pale brown (0-11,34-51,85-92,107-118cm),very pale brown","10yr 3/2 mottled w/ 10yr 8/3, 10yr 8/3","minor bioturbation, laminae and mottling (0-11,34-51,85-92,107-118cm)",,,,radiolarians,,,,H,10.01348,-19.24563,0123.30,12330,12448
108,660,A,014,Hydraulic (Advanced) Piston Core,CC,KAT,000,,,023,,,radiolarian ooze,"very pale brown w/ black laminae (0-12cm), very pale brown (12-23cm)","10yr 7/4 w/ 10yr 2/1 laminae, 10yr 7/4","minor bioturbation (0-12cm), laminae (0-12cm), chondrites (0-5cm)",slightly (0-12cm) to moderately (12-23cm) disturbed?,,,radiolarians,,,,H,10.01348,-19.24563,0124.50,12450,12473
108,660,A,015,Hydraulic (Advanced) Piston Core,01,MAZ,000,,,046,,,radiolarian ooze,"very pale brown (0-6,30-46cm), yellow (6-10,16-30cm), dark grayish brown (10-16cm)","10yr 8/4, 10yr 8/6, 10yr 4/2",,,,,radiolarians,,,,H,10.01348,-19.24563,0125.30,12530,12576
108,660,A,015,Hydraulic (Advanced) Piston Core,01,MAZ,046,,,120,,,radiolarian ooze,"very pale brown (46-115cm), pale brown (115-118cm), very dark grayish brown (118-120cm)","10yr 7/4, 10yr 6/3, 10yr 3/2",laminae (70-120cm),,,,radiolarians,,,,H,10.01348,-19.24563,0125.30,12576,12650
108,660,A,015,Hydraulic (Advanced) Piston Core,01,MAZ,120,,,129,,,radiolarian ooze,"pale brown(120-124,125-129cm), very dark grayish brown(124-125cm)","10yr 6/3, 10yr 3/2",laminae,,,,radiolarians,,,,H,10.01348,-19.24563,0125.30,12650,12659
108,660,A,015,Hydraulic (Advanced) Piston Core,01,MAZ,129,,,150,,,"radiolarian ooze, void (147-150cm)","very pale brown (129-130,134-147cm), brown (130-134cm)","10y 7/4, 10yr 5/3",laminae (129-136cm),,,,radiolarians,,,,H,10.01348,-19.24563,0125.30,12659,12680
108,660,A,015,Hydraulic (Advanced) Piston Core,02,MAZ,000,,,044,,,radiolarian ooze,"very pale brown (0-8,14-37cm), pale brown (8-14cm), dark gray mottled w/ very pale brown (37-44cm)","10yr 7/4, 10yr 6/3, 10yr 4/1 mottled with 10yr 7/4","moderate bioturbation (8-14,37-44cm), mottling (37-44cm)",,,,radiolarians,,,,H,10.01348,-19.24563,0126.80,12680,12724
108,660,A,015,Hydraulic (Advanced) Piston Core,02,MAZ,044,,,096,,,radiolarian ooze,"very dark gray (44-45cm), very pale brown (45-49,53-96cm), grayish brown mottled w/ very pale brown (49-53cm)","10yr 3/1, 10yr 7/4, 10yr 5/2 mottled with 10yr 7/4","moderate bioturbation (49-53cm), mottling (49-53cm)",,,,radiolarians,,,,H,10.01348,-19.24563,0126.80,12724,12776
108,660,A,015,Hydraulic (Advanced) Piston Core,02,MAZ,096,,,150,,,radiolarian ooze,"very pale brown (96-106,106-129,130-150cm), very dark gray grading up to dark grayish brown (129-130cm)","10yr 8/4&10yr 7/4(96-106cm),10yr 7/4(106-129,130-150),10yr 3/1 grading -10yr 4/2",laminae (96-130cm),,,,radiolarians,,,,H,10.01348,-19.24563,0126.80,12776,12830
108,660,A,015,Hydraulic (Advanced) Piston Core,03,MAZ,000,,,068,,,radiolarian ooze,"very pale brown (0-60cm), very dark gray to very dark grayish brown(60-68cm)","10yr 7/4 (0-38,50-60cm), 10yr 8/4 (38-50cm), 10yr 3/1 to 10yr 3/2",laminae (61-68cm),,,,radiolarians,,,,H,10.01348,-19.24563,0128.30,12830,12898
108,660,A,015,Hydraulic (Advanced) Piston Core,03,MAZ,068,,,080,,,radilolarian ooze,"dark grayish brown (68-75cm), very pale brown (75-79cm), very dark gray (79-80cm)","10yr 4/2, 10yr 7/4, 10yr 3/1",laminae (68-72cm),,,,radiolarians,,,,H,10.01348,-19.24563,0128.30,12898,12910
108,660,A,015,Hydraulic (Advanced) Piston Core,03,MAZ,080,,,128,,,radiolarian ooze,"brown(80-86cm),very pale brown(86-96cm),very dark gray(96-98,124,128cm),white(98-124cm),pale brown(124-128cm)","10yr 5/3, 10yr 7/4, 10yr 3/1, 10yr 8/1, 10yr 6/3",laminae (80-85cm),,,,radiolarians,,,,H,10.01348,-19.24563,0128.30,12910,12958
108,660,A,015,Hydraulic (Advanced) Piston Core,03,MAZ,128,,,150,,,radiolarian ooze,"mixed pink-very pale brown(128-133cm), dark gray(133-135cm),very pale brown(135-140,146-150cm),grayish brown (rest)","10yr 8/4-5yr 8/3, 10yr 4/1, 10yr 7/3 (135-140cm), 10yr 7/4 (146-150cm), 10yr 5/2",,,,,radiolarians,,,,H,10.01348,-19.24563,0128.30,12958,12980
108,660,A,015,Hydraulic (Advanced) Piston Core,04,MAZ,000,,,014,,,radiolarian ooze,"very pale brown and pink(0-4cm), brown (4-9cm), very pale brown (9-14cm)","mixed 10yr 8/4 & 5yr 8/4, 10yr 5/3, 10yr 7/4","laminae (10-14cm), moderate bioturbation (4-7cm)",,,,radiolarians,,,,H,10.01348,-19.24563,0129.80,12980,12994
108,660,A,015,Hydraulic (Advanced) Piston Core,04,MAZ,014,,,025,,,radiolarian ooze,"very dark gray grading to brown (14-18cm), very pale brown with pink @ 20cm (18-25cm)","10yr 3/1 grading to 10yr 5/3 (14-18cm), 10yr 8/4 with 5yr 8/4 @ 20cm (18-25cm)",laminae (14-18cm),,,,radiolarians,,,,H,10.01348,-19.24563,0129.80,12994,13005
108,660,A,015,Hydraulic (Advanced) Piston Core,04,MAZ,025,,,134,,,radiolarian ooze,"dark grayish brown w/ very dark gray laminae (25-47cm), very pale brown (47-134cm), black specks (47-80,90-129cm)","10yr 4/2 w/ 10yr 3/1 laminae,10yr 7/3(47-80,90-129cm),10yr 7/4(80-90,129-134cm)","laminae (25-80,90-129cm)",,,"pyrite? specks (47-80,90-129cm)",radiolarians,,,,H,10.01348,-19.24563,0129.80,13005,13114
108,660,A,015,Hydraulic (Advanced) Piston Core,04,MAZ,134,,,150,,,"radiolarian ooze, void (146-150cm)","very dark gray (134-138cm), dark grayish brown (138-146cm)","10yr 3/1, 10yr 4/2",laminae (134-146cm),,,,radiolarians,,,,H,10.01348,-19.24563,0129.80,13114,13130
108,660,A,015,Hydraulic (Advanced) Piston Core,05,MAZ,000,,,075,,,radiolarian ooze,"very pale brown, very pale brown w/ black specks (15-44,49-53cm), very dark gray (~25cm) & dark gray (12cm) layers","10yr 7/4,10yr 7/4 grading down to 10yr 8/4(53-75cm), 10yr 7/3 w/ black, 10yr 3/1","laminae (15-44,49-53cm)",,,"pyrite? specks (15-44,49-75cm)",radiolarians,,,,H,10.01348,-19.24563,0131.30,13130,13205
108,660,A,015,Hydraulic (Advanced) Piston Core,05,MAZ,075,,,150,,,radiolarian ooze,"dark grayish brown-very dark grayish brown (75-80cm), white (80-150cm), very pale brown w/ black @ 105cm","10yr 4/2-10yr 3/2, 10yr 8/1, 10yr 7/3",laminae (75-80cm),,,pyrite? specks (105cm),radiolarians,,,,H,10.01348,-19.24563,0131.30,13205,13280
108,660,A,015,Hydraulic (Advanced) Piston Core,06,MAZ,000,,,150,,,radiolarian ooze,"very pale brown (0-72,77-150cm), pale brown (72-77cm)","10yr 8/4, 10yr 6/3",laminae (72-77cm),,,,radiolarians,,,,H,10.01348,-19.24563,0132.80,13280,13430
108,660,A,015,Hydraulic (Advanced) Piston Core,07,MAZ,000,,,015,,,radiolarian ooze,very pale brown,10yr 8/4,,,,,radiolarians,,,,H,10.01348,-19.24563,0134.30,13430,13445
108,660,A,015,Hydraulic (Advanced) Piston Core,CC,MAZ,000,,,020,,,radiolarian ooze,very pale brown,10yr 8/4,,highly disturbed,,,radiolarians,,,,H,10.01348,-19.24563,0134.45,13444,13464
108,660,A,016,Hydraulic (Advanced) Piston Core,01,MAZ,000,,,150,,,"radiolarian ooze, void (146-150cm)",very pale brown with scattered black pyrite at 95-109cm,10yr 8/4,laminae (95-109cm),,,scattered black pyrite (95-109cm),radiolarians,,,,H,10.01348,-19.24563,0134.80,13480,13630
108,660,A,016,Hydraulic (Advanced) Piston Core,02,MAZ,000,,,150,,,"radiolarian ooze, void (148-150cm)",very pale brown,10yr 8/4,,,,,radiolarians,,,,H,10.01348,-19.24563,0136.30,13630,13780
108,660,A,016,Hydraulic (Advanced) Piston Core,03,MAZ,000,,,150,,,radiolarian ooze,very pale brown with pyrite at 24-29cm,10yr 8/4,,,,pyrite (24-29cm),radiolarians,,,,H,10.01348,-19.24563,0137.80,13780,13930
108,660,A,016,Hydraulic (Advanced) Piston Core,04,MAZ,000,,,150,,,radiolarian ooze,very pale brown,10yr 8/4,,,,,radiolarians,,,,H,10.01348,-19.24563,0139.30,13930,14080
108,660,A,016,Hydraulic (Advanced) Piston Core,05,MAZ,000,,,150,,,radiolarian ooze,very pale brown,"10yr 8/4 (0-101,109-150cm), 10yr 8/3 (101-109cm)",moderate bioturbation (101-109cm),,,,radiolarians,,,,H,10.01348,-19.24563,0140.80,14080,14230
108,660,A,016,Hydraulic (Advanced) Piston Core,06,MAZ,000,,,150,,,radiolarian ooze,"very pale brown (0-91cm), light gray (91-150cm)","10yr 7/3, 5y 7/2",minor (100-150cm) to moderate (92-100cm) bioturbation,,,,radiolarians,,,,H,10.01348,-19.24563,0142.30,14230,14380
108,660,A,016,Hydraulic (Advanced) Piston Core,CC,MAZ,000,,,019,,,radiolarian ooze,light gray,5y 7/2,,moderately disturbed,,,radiolarians,,,,H,10.01348,-19.24563,0143.78,14377,14396
108,660,A,017,Extended Core Barrel,01,MAZ,000,,,150,,,radiolarian ooze,"pale yellow (0-10cm), light greenish gray mottled w/ white @ 68-102cm (10-68,102-150cm)","5y 8/3, 5gy 7/1, 5gy 7/1 mottled w/ 5y 8/1","minor bioturbation (68-100cm), mottling (68-102cm)",,,,radiolarians,,,,X,10.01348,-19.24563,0144.00,14400,14550
108,660,A,017,Extended Core Barrel,02,MAZ,000,,,140,,,radiolarian ooze,light greenish gray,5gy 7/1,,,,,radiolarians,,,,X,10.01348,-19.24563,0145.50,14550,14690
108,660,A,017,Extended Core Barrel,02,MAZ,140,,,150,,,interstitial water sample,,,,,,,,,,,X,10.01348,-19.24563,0145.50,14690,14700
108,660,A,017,Extended Core Barrel,03,MAZ,000,,,150,,,"radiolarian ooze, void (124-150cm)",light greenish gray,5gy 7/1,,,,,radiolarians,,,,X,10.01348,-19.24563,0147.00,14700,14850
108,660,A,017,Extended Core Barrel,04,MAZ,000,,,150,,,"void, no recovery",,,,,,,,,,,X,10.01348,-19.24563,0148.50,14850,15000
108,660,A,017,Extended Core Barrel,05,MAZ,000,,,150,,,"radiolarian ooze, voids (0-15,20-44,46-70,75-150cm), partial voids (15-20,44-46,70-75cm)",light greenish gray,5gy 7/1,fragments of ooze; minor bioturbation and imbrication (15-20cm),,,,radiolarians,,,,X,10.01348,-19.24563,0150.00,15000,15150
108,660,A,017,Extended Core Barrel,06,MAZ,000,,,128,,,"radiolarian ooze, void (0-80cm)",light greenish gray mottled with white,5gy 7/1 mottled with 5y 8/1,"minor bioturbation, mottling",,,,radiolarians,,,,X,10.01348,-19.24563,0151.50,15150,15278
108,660,A,018,Extended Core Barrel,01,MAZ,000,,,150,,,radiolarian ooze,light greenish gray,5gy 7/1,,highly disturbed? (0-5cm),,,radiolarians,,,,X,10.01348,-19.24563,0153.50,15350,15500
108,660,A,018,Extended Core Barrel,02,MAZ,000,,,150,,,"radiolarian ooze, void (108-150cm)",light greenish gray,5gy 7/1,,,,,radiolarians,,,,X,10.01348,-19.24563,0155.00,15500,15650
108,660,A,018,Extended Core Barrel,03,MAZ,000,,,150,,,"radiolarian ooze, void (0-115cm)",light greenish gray,5gy 7/1,,highly (115-134cm) to moderately (134-150cm) disturbed,,,radiolarians,,,,X,10.01348,-19.24563,0156.50,15650,15800
108,660,A,018,Extended Core Barrel,04,MAZ,000,,,150,,,"radiolarian ooze, void (38-150cm)",light greenish gray,5gy 7/1,,,,,radiolarians,,,,X,10.01348,-19.24563,0158.00,15800,15950
108,660,A,018,Extended Core Barrel,05,MAZ,000,,,150,,,"void, no recovery",,,,,,,,,,,X,10.01348,-19.24563,0159.50,15950,16100
108,660,A,018,Extended Core Barrel,06,MAZ,000,,,150,,,"void, no recovery",,,,,,,,,,,X,10.01348,-19.24563,0161.00,16100,16250
108,660,A,018,Extended Core Barrel,07,MAZ,000,,,037,,,radiolarian ooze with chert (35-37cm),"light greenish gray (0-35cm), greenish gray (35-37cm)","5gy 7/1, 5gy 5/1",,,,chert (35-37cm),radiolarians,,,,X,10.01348,-19.24563,0162.50,16250,16287
108,660,A,018,Extended Core Barrel,CC,MAZ,000,,,020,,,radiolarian ooze with chert (17-20cm),light greenish gray,5gy 7/1,,,,chert (17-20cm),radiolarians,,,,X,10.01348,-19.24563,0162.92,16291,16311
108,660,A,019,Extended Core Barrel,01,FAU,000,,,025,,,radiolarian ooze and chert drilling rubble,light greenish gray ooze and dark greenish gray chert,5gy 7/1 ooze and 5g 4/1 chert,blocks of sediment,highly disturbed,,chert,radiolarians,,,,X,10.01348,-19.24563,0163.00,16300,16325
