leg,site,hole,core,coretype,section,observer,top interval,piece number top,sub piece top,bottom interval,piece number bottom,sub piece bottom,lithology,color,color number,structures,drilling deformities,unusual occurrences,minerals,paleontology,other,induration,more data available,code,latitude,longitude,depth,top interval depth below sea floor,bottom interval depth below sea floor
117,729,A,001,Rotary,01,AND,000,,,150,,,marly foram-nannofossil ooze,olive,5y 4/3 and 5y 5/3,,"soupy (0-75 cm), highly disturbed (75-150 cm)",,,"forams, nannos, shell debris (~105, 130 cm)",coarse texture,,,R,17.64460,57.95466,0000.00,0,150
117,729,A,001,Rotary,02,WEE,000,,,145,,,marly foram-nannofossil ooze,olive,5y 4/3,,highly disturbed to soupy (25-35 cm),,,"forams, nannos",,,,R,17.64460,57.95466,0001.50,150,295
117,729,A,001,Rotary,02,WEE,145,,,150,,,interstitial water sample,,,,,,,,,,,R,17.64460,57.95466,0001.50,295,300
117,729,A,001,Rotary,03,AND,000,,,013,,,marly foram-nannofossil ooze,olive,5y 4/3,,highly disturbed,,,"nannos, forams",,,,R,17.64460,57.95466,0003.00,300,313
117,729,A,001,Rotary,CC,AND,000,,,013,,,marly foram-nannofossil ooze (half full section),olive,5y 4/3,,highly disturbed,,,"nannos, forams",,,,R,17.64460,57.95466,0003.13,313,326
117,729,A,002,Rotary,01,WEE,000,,,150,,,marly foram-nannofossil ooze,"olive (0-24, 35-74, 105-150 cm), olive gray (24-35, 74-105 cm)",alternating 5y 4/3 and 5y 5/2,,soupy,,,"nannos, forams","gradational contacts (74, 105 cm); very sandy (24-35 and 74-150 cm)",,,R,17.64460,57.95466,0003.20,320,470
117,729,A,002,Rotary,02,AND,000,,,150,,,marly foram-nannofossil ooze,olive,5y 4/3,"fossils (10-15, 130-135 cm)",highly disturbed to soupy (56-70 cm),,,"shell debris (10-15, 130-135 cm), nannos, forams",crs surface texture,,,R,17.64460,57.95466,0004.70,469,619
117,729,A,002,Rotary,03,WEE,000,,,150,,,marly foram-nannofossil ooze,"dark olive gray (0-115 cm), olive (115-150 cm)","5y 3/2 (0-115 cm), 5y 4/3 (115-150 cm)",minor bioturbation and burrow mottling,moderately to highly (58-75 cm) disturbed,,,"nannos, forams",gradational contacts between colors,,,R,17.64460,57.95466,0006.20,619,769
117,729,A,002,Rotary,04,AND,000,,,150,,,marly foram-nannofossil ooze,olive gray,5y 5/2,fossils,highly disturbed,,,"shell debris, nannos, forams",very crs texture,,,R,17.64460,57.95466,0007.70,769,919
117,729,A,002,Rotary,05,AND,000,,,150,,,marly foram-nannofossil ooze,olive,5y 4/3,fossils (~30 cm),highly disturbed,,,"shell debris (~30 cm), nannos, forams",crs texture,,,R,17.64460,57.95466,0009.20,919,1069
117,729,A,002,Rotary,06,WEE,000,,,113,,,marly foram-nannofossil ooze,"olive (0-40 cm), olive gray (40-113 cm)","5y 5/3 (0-40 cm), 5y 5/2 (40-113 cm)",minor bioturbation and mottling (92-113 cm),highly disturbed,,,"nannos, forams",gradational contacts between colors,,,R,17.64460,57.95466,0010.70,1069,1182
117,729,A,002,Rotary,CC,AND,000,,,013,,,marly foram-nannofossil ooze,olive,5y 4/3,,highly disturbed,,,"nannos, forams",crs texture,,,R,17.64460,57.95466,0011.83,1182,1195
117,729,A,003,Rotary,01,AND,000,,,150,,,marly foram-nannofossil ooze,olive,5y 4/3,highly disturbed,,,,,very crs texture,,,R,17.64460,57.95466,0012.70,1269,1419
117,729,A,003,Rotary,02,AND,000,,,150,,,marly foram-nannofossil ooze,olive,5y 5/3 to 5y 4/3,fossils (~10 cm),highly disturbed,,,"shell debris (~10 cm), nannos, forams",gradational contacts between colors; crs texture,,,R,17.64460,57.95466,0014.20,1419,1569
117,729,A,003,Rotary,03,WEE,000,,,150,,,marly foram-nannofossil ooze,"olive (0-118, 136-150 cm), olive gray (118-136 cm)","5y 4/3 (0-118, 136-150 cm), 5y 5/2 (118-136 cm)",minor bioturbation and mottling,highly disturbed,,,"forams, nannos",gradational contacts between colors,,,R,17.64460,57.95466,0015.70,1569,1719
117,729,A,003,Rotary,04,RIC,000,,,145,,,marly foram-nannofossil ooze,olive,"5y 5/3 (0-18, 34-47, 123-145 cm), 5y 4/3 (18-34, 47-123 cm)","minor bioturbation (34-47, 100-130 cm), ""bioturbation tubes""",highly disturbed,,,"forams (""nests in bioturbation tubes""), nannos",gradational contacts between colors,,,R,17.64460,57.95466,0017.20,1720,1865
117,729,A,003,Rotary,04,RIC,145,,,150,,,interstitial water sample,,,,,,,,,,,R,17.64460,57.95466,0017.20,1865,1870
117,729,A,003,Rotary,05,WEE,000,,,150,,,marly foram-nannofossil ooze,olive,5y 5/3,minor bioturbation and mottling,highly disturbed,,,"nannos, forams",,,,R,17.64460,57.95466,0018.70,1870,2020
117,729,A,003,Rotary,06,WEE,000,,,150,,,marly foram-nannofossil ooze,"olive (0-44 cm), dark olive gray (44-150 cm)","5y 5/3 (0-12 cm), 5y 4/3 (12-44 cm), 5y 3/2 (44-150 cm)",minor bioturbation and mottling,highly disturbed,,,"nannos, forams",gradational contacts between colors,,,R,17.64460,57.95466,0020.20,2020,2170
117,729,A,003,Rotary,07,WEE,000,,,053,,,marly foram-nannofossil ooze,olive,5y 4/3,"minor bioturbation and mottling (0-5, 37-53 cm)",highly disturbed,,,"nannos, forams",,,,R,17.64460,57.95466,0021.70,2170,2223
117,729,A,003,Rotary,CC,WEE,000,,,015,,,marly foram-nannofossil ooze,olive,5y 4/3,minor bioturbation and mottling,highly disturbed,,,"nannos, forams",,,,R,17.64460,57.95466,0022.23,2222,2237
117,729,A,004,Rotary,01,MUR,000,,,150,,,marly foram-nannofossil ooze,olive with black grains (87-102 cm),5y 4/3,"minor bioturbation, mottling (87-102 cm)",highly disturbed?,,,"nannos, forams","large pocket of crs sandy, silty material - forams and black grains (87-102 cm)",,,R,17.64460,57.95466,0022.30,2229,2379
117,729,A,004,Rotary,02,WEE,000,,,150,,,marly foram-nannofossil ooze,olive,5y 4/3,minor bioturbation and mottling (145-150 cm),highly disturbed,,,"nannos, forams",,,,R,17.64460,57.95466,0023.80,2379,2529
117,729,A,004,Rotary,03,MUR,000,,,150,,,marly foram-nannofossil ooze,olive,5y 4/3,minor bioturbation,highly disturbed?,,,"nannos, forams",,,,R,17.64460,57.95466,0025.30,2529,2679
117,729,A,004,Rotary,04,WEE,000,,,150,,,marly foram-nannofossil ooze,olive with black phosphate nodule (145-147 cm) and sand black sand grains (phosphatic forams?),5y 5/3,,highly disturbed,phosphate nodule (145-147 cm),"phosphate nodule (145-147 cm), phosphatic forams?","nannos, forams",,,,R,17.64460,57.95466,0026.80,2679,2829
117,729,A,004,Rotary,05,AND,000,,,150,,,marly foram-nannofossil ooze (0-5 cm) and benthic foram limestone (5-150 cm),"olive (0-5 cm), white (5-150 cm) with black grains (0-5 cm)","5y 4/3 (0-5 cm), 10yr 8/1 (5-150 cm)",,highly disturbed? soupy and crumbled?,,black grains possibly dolomitic limestone (0-5 cm),"benthic forams (5-150 cm), nannos, forams","evidence of sharp contact (5 cm), olive ooze mixed to 60 cm from drillng?",,,R,17.64460,57.95466,0028.30,2829,2979
117,729,A,004,Rotary,06,WEE,000,,,150,,,benthic foram limestone,white,5y 8/1,fossils,highly disturbed?,,,"bioclastic limestone, benthic forams",,,,R,17.64460,57.95466,0029.80,2979,3129
117,729,A,004,Rotary,07,MUR,000,,,046,,,benthic foram limestone,white,5y 8/1,fossils,highly disturbed?,,,"bioclastic limestone, benthic forams",,,,R,17.64460,57.95466,0031.30,3129,3175
117,729,A,004,Rotary,CC,WEE,000,,,016,,,benthic foram limestone,white with light gray mottles,5y 8/1 with 5y 7/1 mottles,"fossils ?, mottling",highly disturbed,,,"bioclastic limestone, benthic forams",,,,R,17.64460,57.95466,0031.76,3176,3192
117,729,A,010,Rotary,CC,AND,000,,,025,,,oncolitic and red algal limestone,white,10yr 8/1,fossils,highly disturbed,,,"oncolites, red algae",,,,R,17.64460,57.95466,0070.30,7030,7055
