leg,site,hole,core,coretype,section,observer,top interval,piece number top,sub piece top,bottom interval,piece number bottom,sub piece bottom,lithology,color,color number,structures,drilling deformities,unusual occurrences,minerals,paleontology,other,induration,more data available,code,latitude,longitude,depth,top interval depth below sea floor,bottom interval depth below sea floor
113,697,A,001,Hydraulic (Advanced) Piston Core,01,FUT,000,,,095,,,silty mud with altered volcanic ash at 54-55cm?,"light brownish gray grading to light olive gray(0-76cm)to gray/light gray(76-95cm),brownish band of ash(70-72cm)",2.5y 6/2 grading to 5y 6/2(0-76cm)to 5y 6/1(76-95cm),volcanic ash layer(70-72cm),"soupy(0-53cm),slightly disturbed(53-76cm)",,"volcanic ash layer (54-55,70-72cm)",,"fading and distinct color contacts(76,95cm)",,,H,-61.81057,-40.28783,0000.00,0,95
113,697,A,001,Hydraulic (Advanced) Piston Core,01,FUT,095,,,150,,,silty mud,"light olive gray(95-110cm)to gray/light gray,brownish ash layer(110-114cm)",5y 6/2(95-110cm)to 5y 6/1(110-150cm),volcanic ash layer(110-114cm),,,volcanic ash layer(110-114cm),,"fading and distinct color contacts(95,110cm)",,,H,-61.81057,-40.28783,0000.00,95,150
113,697,A,001,Hydraulic (Advanced) Piston Core,02,FUT,000,,,032,,,silty mud,gray/light gray,5y 6/1,,slightly disturbed,,,,,,,H,-61.81057,-40.28783,0001.50,150,182
113,697,A,001,Hydraulic (Advanced) Piston Core,02,FUT,032,,,060,,,silty mud with two interbeds of glass-bearing silty mud at                34-40 and 48-59cm,light gray with very dark grayish brown layers at 34-40 and 48-59cm,2.5y 7/2 with 2.5y 3/2 layers at 34-40 and 48-59cm,"volcanic glass layers(34-40,48-59cm)",slightly disturbed,,"volcanic glass (34-40,48-59cm)",,sharp contact (60cm),,,H,-61.81057,-40.28783,0001.50,182,210
113,697,A,001,Hydraulic (Advanced) Piston Core,02,FUT,060,,,150,,,silty mud,gray/light gray,5y 6/1,,slightly disturbed(60-72cm),,,,sharp contact (60cm),,,H,-61.81057,-40.28783,0001.50,210,300
113,697,A,001,Hydraulic (Advanced) Piston Core,03,FUT,000,,,150,,,silty mud with altered volcanic ash  (54-55 cm),"gray(0-34,105-150cm)to greenish gray(34-105cm),grayish green layer of ash at 54-55cm","5y 5/1(0-34,105-150cm)to 5g 5/1(34-105cm),5g 4/2 ash layer at 54-55cm","volcanic ash layer(54-55cm),1.5cm metamorphic dropstone(111cm)",slightly disturbed(0-85cm),,volcanic ash layer(54-55cm),,"1.5cm rounded metamorphic dropstone(111cm),gradational color contacts(34,105cm)",,,H,-61.81057,-40.28783,0003.00,300,450
113,697,A,001,Hydraulic (Advanced) Piston Core,04,FUT,000,,,145,,,silty mud,greenish gray,5bg 5/1,,,,,,a few sand-sized dropstones(ice-rafted detritus),,,H,-61.81057,-40.28783,0004.50,450,595
113,697,A,001,Hydraulic (Advanced) Piston Core,04,FUT,145,,,150,,,interstitial water sample,,,,,,,,,,,H,-61.81057,-40.28783,0004.50,595,600
113,697,A,001,Hydraulic (Advanced) Piston Core,05,FUT,000,,,150,,,silty mud,"greenish gray(0-35,120-150cm)to bluish gray(35-120cm)","5g 5/1(0-35,120-150cm)to 5b 5/1(35-120cm)",,slightly disturbed(76-150cm),,,,"relatively sharp color contacts(35,120cm)",,,H,-61.81057,-40.28783,0006.00,600,750
113,697,A,001,Hydraulic (Advanced) Piston Core,06,FUT,000,,,120,,,silty mud,greenish gray,5g 5/1,,slightly disturbed,,,,,,,H,-61.81057,-40.28783,0007.50,750,870
113,697,A,001,Hydraulic (Advanced) Piston Core,CC,FUT,000,,,023,,,silty mud,greenish gray,5g 5/1,,slightly disturbed,,,,,,,H,-61.81057,-40.28783,0008.71,871,894
113,697,A,002,Hydraulic (Advanced) Piston Core,01,FUT,000,,,150,,,silty mud,greenish gray,5gy 5/1,,highly disturbed,,,,,,,H,-61.81057,-40.28783,0005.30,530,680
113,697,A,002,Hydraulic (Advanced) Piston Core,02,FUT,000,,,150,,,silty mud,greenish gray,5gy 5/1,,highly disturbed,,,,,,,H,-61.81057,-40.28783,0006.80,680,830
113,697,A,002,Hydraulic (Advanced) Piston Core,03,FUT,000,,,150,,,"diatom-bearing silty mud w/altered volcanic ash? (51,53,58 cm)","dark greenish gray with ""greenish bluish"" ash layers(51,53,58cm)",5g 4/1,"volcanic ash layers(51,53,58cm),minor bioturbation(28-44cm)",soupy(0-17cm)to moderately disturbed(17-150cm),,"volcanic ash layers(51,53,58cm)",diatoms,,,,H,-61.81057,-40.28783,0008.30,830,980
113,697,A,002,Hydraulic (Advanced) Piston Core,04,FUT,000,,,150,,,diatom-bearing silty mud,gray,5y 5/1,,highly disturbed,,,diatoms,,,,H,-61.81057,-40.28783,0009.80,980,1130
113,697,A,002,Hydraulic (Advanced) Piston Core,05,FUT,000,,,150,,,"diatom-bearing silty mud(0-30,80-150cm)to diatom ooze(30-80cm) w/altered volcanic ash? (33-35,38 cm)",greenish gray with a grayish green layer(33-35cm)and a dark gray layer(38cm)of ash,"5gy 5/1(0-33,35-45,85-150cm),5g 5/1(45-85cm),5g 5/2(33-35cm),n4/0(38cm)","volcanic ash layers(33-35,38cm),parallel laminae(30-80cm)","moderately disturbed(0-43,102-150cm)",,"volcanic ash layers(33-35,38cm)",diatoms(mostly corethron from 30-80cm),sharp contact(85cm),,,H,-61.81057,-40.28783,0011.30,1130,1280
113,697,A,002,Hydraulic (Advanced) Piston Core,06,FUT,000,,,150,,,"diatom-bearing silty mud with altered volcanic ash layers (29,31,34,37,70-71,107-108,108-109,128-129cm)","dark greenish gray with grayish green ash layers(29,31,34,37,70-71,107-108cm)& dark gray ash(108-109,128-129cm)","5g 4/1 with 5g 5/2(29,31,34,37,70-71,107-108cm)& n4/0(108-109,128-129cm)","minor bioturbation(0-26cm),volcanic ash layers (29,31,34,37,70-71,107-108,108-109,128-129cm)","highly(0-30cm)to slightly(50-70,100-120cm)disturbed?",,"volcanic ash layers (29,31,34,37,70-71,107-108,108-109,128-129cm)",diatoms,,,,H,-61.81057,-40.28783,0012.80,1280,1430
113,697,A,002,Hydraulic (Advanced) Piston Core,07,FUT,000,,,023,,,diatom-bearing silty mud,dark greenish gray,5g 4/1,,slightly disturbed,,,diatoms,,,,H,-61.81057,-40.28783,0014.30,1430,1453
113,697,A,002,Hydraulic (Advanced) Piston Core,CC,FUT,000,,,032,,,diatom-bearing silty mud,dark greenish gray,5g 4/1,,moderately disturbed?,,,diatoms,,,,H,-61.81057,-40.28783,0014.54,1453,1485
113,697,A,003,Hydraulic (Advanced) Piston Core,01,PUD,000,,,075,,,clayey mud with diatom ooze clasts at 0-45 cm,"dark greenish gray to dark gray,patches of dark greenish gray from 20-45cm",5bg 4/1 to n4/0 with 5gy 4/1 patches(20-45cm),,"soupy(0-15cm),highly(15-60cm)to moderately(60-75cm)disturbed",,,diatoms(corethron ooze in patches from 20-45cm),2-3 cm clasts? (0-45 cm),,,H,-61.81057,-40.28783,0011.30,1130,1205
113,697,A,003,Hydraulic (Advanced) Piston Core,01,PUD,075,,,105,,,clayey mud,"dark gray to dark greenish gray with dark greenish gray layers(84,88,92cm)","5bg 4/1 to n4/0 with 5g 4/1 layers(84,88,92cm)","stiffer layers dragged by wire(84,88,92cm),minor bioturbation(94-105cm)",soupy(75-81cm)to slightly disturbed(81-96cm),,,,,,,H,-61.81057,-40.28783,0011.30,1205,1235
113,697,A,003,Hydraulic (Advanced) Piston Core,01,PUD,105,,,150,,,clayey mud,"greenish gray(105-127,144-150cm))to dark gray(127-144cm)",5g 5/1(105-127cm)to n4/0(127-144cm)to 5bg 5/1(144-150cm),minor bioturbation,,,,,,,,H,-61.81057,-40.28783,0011.30,1235,1280
113,697,A,003,Hydraulic (Advanced) Piston Core,02,PUD,000,,,068,,,clayey mud,"greenish gray grading to dark gray,dark greenish gray layers(5,10-11,23-24,32-34,62-63cm),very dark gray(37,41cm)","5bg 5/1 down to n4/0,5g 4/1(5,10-11,23-24,32-34,62-63cm),n3/0 laminae(37,41cm)","laminae(37,41cm),layers(5,10-11,23-24,32-34,62-63cm),minor bioturbation(11-58cm)",,,,,gradational color contacts,,,H,-61.81057,-40.28783,0012.80,1280,1348
113,697,A,003,Hydraulic (Advanced) Piston Core,02,PUD,068,,,083,,,clayey mud,"dark gray with fuzzy laminae of dark greenish gray,dark gray,and greenish gray","n4/0 with laminae of 5g 4/1,5gy 4/1,5y 4/1 and 5gy 5/1",fuzzy laminae,,,,,gradational color contacts,,,H,-61.81057,-40.28783,0012.80,1348,1363
113,697,A,003,Hydraulic (Advanced) Piston Core,02,PUD,083,,,150,,,clayey mud,"dark gray with very dark gray laminae(six at 96-106,126,136,138cm)","n4/0 with n3/0 laminae(six at 96-106,126,136,138cm)","laminae(96-106,126,136,138cm),minor bioturbation(95-150cm)",,,,,gradational color contacts,,,H,-61.81057,-40.28783,0012.80,1363,1430
113,697,A,003,Hydraulic (Advanced) Piston Core,03,PUD,000,,,150,,,clayey mud,"dark greenish gray/greenish gray with dark gray laminae and specks at ""below 93cm""","5gy 4.5/1 with 5gy 4/1 laminae(35,40,65cm)and  n4/0        laminae(""below 93cm"")","laminae(35,40,65,93-150(?)cm),minor bioturbation(5-29,43-56,90-150cm),dropstone(107cm),mud clast(148cm),burrows",,,"volcanic ash?(""below 93cm"")",,"dropstone(107cm),mud clast(148cm)",,,H,-61.81057,-40.28783,0014.30,1430,1580
113,697,A,003,Hydraulic (Advanced) Piston Core,04,PUD,000,,,125,,,clayey mud with clasts of silty mud from 23-52cm,"dark gray,slight dark greenish gray variations(scale of a few cm),very dark gray laminae & white clasts (21,35,47-53cm)","n4/0,slight variations to 5gy 4/1,5g 4/1,5bg 4/1,etc.;n3/0 laminae (13,26,56,62,77,100cm)","minor bioturbation (0-6,24-26,35-125cm), silt clasts (21,35,47-53cm), laminae (13,26,56,62,77,100cm), large burrow? (75-90cm)",slightly(15-43cm)to moderately(70-96cm)disturbed,,altered volcanic ash? (26 cm),,"1-2mm silt clasts (21,35,47-53cm), flow-in or large burrow? (75-90cm)",,,H,-61.81057,-40.28783,0015.80,1580,1705
113,697,A,003,Hydraulic (Advanced) Piston Core,04,PUD,125,,,150,,,"interstitial water sample?(125-129cm),organic geochemistry sample(129-150cm)",,,,,,,,,,,H,-61.81057,-40.28783,0015.80,1705,1730
113,697,A,003,Hydraulic (Advanced) Piston Core,05,PUD,000,,,150,,,clayey mud with silty mud clasts from 22-49cm,"dark gray with very dark gray laminae and patches(0-20,60-61,62,109,111-112,119-135cm),dark green dropstone(59cm)","n4/0 with n3/0 laminae and patches(0-20,60-61,62,109,111-112,119-135cm)","moderate (0-22cm) to minor (31-150cm) bioturbation, 6mm dropstone (59cm), silty mud clasts (22-49cm), laminae (0-20,60-61,62,109,111-112,119-135cm)",slightly disturbed(135-138cm),,,,"6mm subrounded mudstone dropstone(59cm),silty mud clasts(22-49cm)",,,H,-61.81057,-40.28783,0017.30,1729,1879
113,697,A,003,Hydraulic (Advanced) Piston Core,06,PUD,000,,,047,,,clayey mud,dark gray with a few patches of very dark gray,n4/0 with a few patches of n3/0,minor bioturbation(5-39cm),"slightly disturbed(0-7,40-47cm)",,,,,,,H,-61.81057,-40.28783,0018.80,1879,1926
113,697,A,003,Hydraulic (Advanced) Piston Core,CC,PUD,000,,,014,,,clayey mud,dark gray,n4/0,,moderately disturbed,,,,,,,H,-61.81057,-40.28783,0019.26,1926,1940
