leg,site,hole,core,coretype,section,observer,top interval,piece number top,sub piece top,bottom interval,piece number bottom,sub piece bottom,lithology,color,color number,structures,drilling deformities,unusual occurrences,minerals,paleontology,other,induration,more data available,code,latitude,longitude,depth,top interval depth below sea floor,bottom interval depth below sea floor
108,663,A,001,Hydraulic (Advanced) Piston Core,01,CUR,000,,,150,,,"siliceous-bearing, foram-nanno ooze (0-35cm) & siliceous-bearing, foram-bearing nanno ooze (35-147cm), void (147-150cm)","pale olive (0-35cm), light gray (35-50cm), gray (50-147cm)","5y 6/3, 5y 7/1, 10y 4/2 (50-147cm)",,,,,"forams, nannos",,,,H,-1.19783,-11.87850,0000.00,0,150
108,663,A,001,Hydraulic (Advanced) Piston Core,02,CUR,000,,,140,,,"siliceous-bearing, foraminifer-bearing nannofossil ooze",olive gray grading down to light olive gray,5y 5/2 grading down to 5y 6/2,"moderate bioturbation (40-65,110-130cm)",,,,"forams, nannos",,,,H,-1.19783,-11.87850,0001.50,150,290
108,663,A,001,Hydraulic (Advanced) Piston Core,02,CUR,140,,,150,,,interstitial water sample,,,,,,,,,,,H,-1.19783,-11.87850,0001.50,290,300
108,663,A,001,Hydraulic (Advanced) Piston Core,03,CUR,000,,,150,,,"siliceous-bearing, foram-bearing nanno ooze (0-55cm) & clay/siliceous/foram-bearing nanno ooze (55-150cm)","gray/light gray (0-55cm), light gray (55-150cm)","5y 6/1, 5y 7/1","minor (82-120cm) to moderate (20-30,60-70,125-138cm) bioturbation",,,,"nannos, forams",,,,H,-1.19783,-11.87850,0003.00,300,450
108,663,A,001,Hydraulic (Advanced) Piston Core,04,KAT,000,,,013,,,"clay-bearing, siliceous-bearing, foraminifer-bearing nannofossil ooze",light gray,5y 7/1,minor bioturbation (5-13cm),,,,"nannos, forams",,,,H,-1.19783,-11.87850,0004.50,450,463
108,663,A,001,Hydraulic (Advanced) Piston Core,CC,KAT,000,,,014,,,"clay-bearing, siliceous-bearing, foraminifer-bearing nannofossil ooze",light gray,5y 7/1,minor bioturbation (0-5cm),,,,"nannos, forams",,,,H,-1.19783,-11.87850,0004.62,461,475
108,663,A,002,Hydraulic (Advanced) Piston Core,01,KAT,000,,,150,,,"muddy, siliceous nannofossil ooze, void (144-150cm)","dark gray (0-11,73-80cm), light gray (11-23,80-144cm), gray/light gray (23-73cm)","5y 4/1, 5y 7/1 (11-23,80-91cm), 5y 7/2 (91-144cm), 5y 6/1","minor bioturbation (53-62,82-88,108-115cm)",highly disturbed (0-50cm),,,nannos,,,,H,-1.19783,-11.87850,0004.70,469,619
108,663,A,002,Hydraulic (Advanced) Piston Core,02,CUR,000,,,150,,,"muddy, siliceous nannofossil ooze (0-15,55-70cm) alternating w/ mud-bearing nannofossil ooze (15-55,70-90cm)","gray/light gray (0-15cm), white (15-55,70-90cm), light gray (55-70cm), light greenish gray (90-150cm)","5y 6/1, 5y 8/1, 5y 7/1, 5gy 7/1 and 5g 7/1","moderate bioturbation (15-25,90-95cm)",,,,nannos,,,,H,-1.19783,-11.87850,0006.20,619,769
108,663,A,002,Hydraulic (Advanced) Piston Core,03,KAT,000,,,150,,,"muddy, siliceous nannofossil ooze (25-150cm) and mud-bearing nannofossil ooze (0-25cm)","white(0-25cm),gray(25-32,44,83-96,104-116cm),gray/light gray(32-66,116-150cm),light gray(66-83cm),dark gray","5y 8/1, 5y 5/1, 5y 6/1, 5y 7/1, 5y 4/1","zoophycos (129cm), minor bioturbation (0-15,25-32,46-66,83-133cm)",,,,nannos,,,,H,-1.19783,-11.87850,0007.70,769,919
108,663,A,002,Hydraulic (Advanced) Piston Core,04,CUR,000,,,059,,,"muddy, siliceous nannofossil ooze alternating with mud-bearing nannofossil ooze","gray/light gray (0-15cm), light gray grading down to white with gray/light gray mottling (15-59cm)","5y 6/1 (0-15cm), 5y 7/1 grading down to 5y 8/1 with 5y 6/1 mottling (15-59cm)","mottling (15-59cm), minor (30-45cm) to moderate (45-59cm) bioturbation",,,,nannos,,,,H,-1.19783,-11.87850,0009.20,919,978
108,663,A,002,Hydraulic (Advanced) Piston Core,04,CUR,059,,,117,,,"muddy, siliceous nannofossil ooze alternating with mud-bearing nannofossil ooze","light gray (59-75,95-117cm), light gray and light greenish gray (75-95cm)","5y 7/1 (59-75,95-117cm), 5y 7/1 and 5gy 7/1 (75-95cm)",moderate bioturbation (95-100cm),,,,nannos,,,,H,-1.19783,-11.87850,0009.20,978,1036
108,663,A,002,Hydraulic (Advanced) Piston Core,04,CUR,117,,,150,,,"muddy, siliceous nannofossil ooze and/or mud-bearing nannofossil ooze","gray/light gray - light gray (117-125cm), light gray - white (125-150cm)","5y 6/1 - 5y 7/1, 5y 7/1 - 5y 8/1",minor bioturbation (130-145cm),,,,nannos,,,,H,-1.19783,-11.87850,0009.20,1036,1069
108,663,A,002,Hydraulic (Advanced) Piston Core,05,KAT,000,,,119,,,"muddy, siliceous nannofossil ooze (64-119cm) and mud-bearing nannofossil ooze (0-64cm)","white (0-64cm), light gray (64-72,96-119cm), gray (72-83cm), gray/light gray (83-96cm)","7.5yr 8/0, 5y 7/1, 5y 5/1, 5y 6/1","nested chondrites (90-96cm), microlaminae (64-83cm), minor (64-72,83-91cm) to moderate (0-64,92-96cm) bioturbation",,,,nannos,,,,H,-1.19783,-11.87850,0010.70,1069,1188
108,663,A,002,Hydraulic (Advanced) Piston Core,05,KAT,119,,,150,,,organic geochemistry sample,,,,,,,,,,,H,-1.19783,-11.87850,0010.70,1188,1219
108,663,A,002,Hydraulic (Advanced) Piston Core,06,KAT,000,,,150,,,"muddy, siliceous nannofossil ooze (0-80cm) and mud-bearing nannofossil ooze (80-150cm)","white (80-117,124-150cm), gray/light gray (117-124cm)","10y 6/1 (0-80cm), 5y 8/1 (80-117cm), 7.5yr 8/0 (124-150cm), 5y 6/1","moderate to minor? (80-117,124-135,145-150cm) to strong? (117-124cm) bioturbation",,,,nannos,,,,H,-1.19783,-11.87850,0012.20,1219,1369
108,663,A,002,Hydraulic (Advanced) Piston Core,07,KAT,000,,,040,,,"muddy, siliceous nannofossil ooze (24-40cm) and mud-bearing nannofossil ooze (0-24cm)","white (0-24cm), light gray (24-40cm)","7.5yr 8/0, 5y 7/1",moderate to minor? (24-40cm) bioturbation,,,,nannos,,,,H,-1.19783,-11.87850,0013.70,1369,1409
108,663,A,002,Hydraulic (Advanced) Piston Core,CC,KAT,000,,,012,,,mud-bearing nannofossil ooze,white,7.5yr 8/0,moderate to minor? bioturbation,highly disturbed,,,nannos,,,,H,-1.19783,-11.87850,0014.10,1410,1422
108,663,A,003,Hydraulic (Advanced) Piston Core,01,KAT,000,,,150,,,"mud-bearing nannofossil ooze (0-37cm) and muddy, siliceous nannofossil ooze (37-150cm), void (60-63cm)","white (0-37cm), gray (37-51cm), gray/light gray (51-60,63-118cm), light gray (118-150cm)","7.5yr 8/0, 5y 5/1, 5y 6/1, 5y 7/1","minor (20-70cm) to moderate (95-110cm) bioturbation, zoophycos & chondrites (37-51cm)",highly disturbed (0-25cm),,,nannos,,,,H,-1.19783,-11.87850,0014.20,1419,1569
108,663,A,003,Hydraulic (Advanced) Piston Core,02,KAT,000,,,150,,,"mud-bearing nannofossil ooze (121-150cm) and muddy, siliceous nannofossil ooze (0-121cm)","light gray(0-14,26-45cm),gray(rest),gray/light gray(45-54cm),gray/light gray-light gray(54-110cm), white(121-150cm)","5y 7/1, 5y 5/1, 5y 6/1, 5y 6/1 to 5y 7/1, 7.5yr 8/0","minor (0-5,14-32,50-65,110-150cm) to moderate (5-14cm) bioturbation, chondrites (110-121cm)",,,,nannos,,,,H,-1.19783,-11.87850,0015.70,1569,1719
108,663,A,003,Hydraulic (Advanced) Piston Core,03,KAT,000,,,150,,,mud-bearing nannofossil ooze,white,"7.5yr 8/0 (0-25,47-92,120-150cm), 5y 8/1 (25-47,92-120cm)","laminae (25-47,92-120cm), minor bioturbation (0-20,30-40,50-92,125-145cm)",,,,nannos,,,,H,-1.19783,-11.87850,0017.20,1720,1870
108,663,A,003,Hydraulic (Advanced) Piston Core,04,KAT,000,,,150,,,"muddy, siliceous nannofossil ooze (34-133cm) and mud-bearing nannofossil ooze (0-34,133-150cm)","white (0-34,133-150cm), light gray (34-133cm)","5y 8/1 (0-20,133-150cm), 7.5yr 8/0 (20-34cm), 5y 7/1 (34-133cm)","minor (0-20,28-30,40-60cm) to moderate (20-28,80-100,140-150cm) bioturbation",,,,nannos,,,,H,-1.19783,-11.87850,0018.70,1870,2020
108,663,A,003,Hydraulic (Advanced) Piston Core,05,KAT,000,,,086,,,"muddy siliceous nannofossil ooze (0-39,80-86cm) and mud-bearing nannofossil ooze (39-80cm)","white (0-3,14-80cm), gray/light gray (3-14cm), light gray (80-86cm)","5y 8/1 (0-3,14-39cm), 5y 6/1 (3-14cm), 7.5yr 8/0 (39-80cm), 5y 7/1 (80-86cm)","moderate (3-8cm) to minor (8-14,20-35,45-70,80-86cm) bioturbation, zoophycos (15-25,75-86cm)",,,,nannos,,,,H,-1.19783,-11.87850,0020.20,2020,2106
108,663,A,003,Hydraulic (Advanced) Piston Core,05,KAT,086,,,150,,,"muddy siliceous nannofossil ooze (86-109,140-150cm) and mud-bearing nannofossil ooze (109-140cm)","white (86-102,109-150cm), gray (102-109cm)","5y 8/1 (86-102,140-150cm), 5y 5/1 (102-109cm), 7.5yr 8/0 (109-140cm)","minor (95-102,109-140cm) to moderate (102-109cm) bioturbation, zoophycos (125-140cm), halo burrow (135cm)",,,,nannos,,,,H,-1.19783,-11.87850,0020.20,2106,2170
108,663,A,003,Hydraulic (Advanced) Piston Core,06,JAN,000,,,150,,,"muddy, siliceous nannofossil ooze (26-150cm) and mud-bearing nannofossil ooze (0-26cm)","light gray (0-26cm), light olive gray (26-70cm), gray (70-150cm)","5y 7/1, 5y 6/2, 5y 5/1","laminae (0-26cm), moderate (0-28cm) to minor bioturbation",,,,nannos,,,,H,-1.19783,-11.87850,0021.70,2170,2320
108,663,A,003,Hydraulic (Advanced) Piston Core,07,JAN,000,,,050,,,"muddy, siliceous nannofossil ooze with sandy turbidite at 26-32cm","gray/light gray (0-26,32-40cm), light gray (26-32cm), gray (40-50cm)","5y 6/1, 5y 7/1, 5y 5/1",normal graded bedding (26-32cm),,,,nannos,sandy turbidite (26-32cm),,,H,-1.19783,-11.87850,0023.20,2320,2370
108,663,A,003,Hydraulic (Advanced) Piston Core,CC,JAN,000,,,012,,,"muddy, siliceous nannofossil ooze","gray (0-5cm), gray/light gray (2-12cm)","5y 5/1, 5y 6/1",,,,,nannos,,,,H,-1.19783,-11.87850,0023.75,2375,2387
108,663,A,004,Hydraulic (Advanced) Piston Core,01,KAT,000,,,072,,,"siliceous-bearing, foram-bearing nannofossil ooze (8-72cm) and siliceous-bearing muddy nannofossil ooze (0-8cm)","light gray (0-8cm), white (8-72cm)","5y 7/1 (0-8cm), 7.5yr 8/0 (8-43cm), 5y 8/1 (43-72cm)","minor bioturbation (8-20,50-72cm)",,,,"forams (8-72cm), nannos",,,,H,-1.19783,-11.87850,0023.70,2370,2442
108,663,A,004,Hydraulic (Advanced) Piston Core,01,KAT,072,,,150,,,"siliceous/foram-bearing nannofossil ooze(122-141cm),siliceous-bearing muddy nannofossil ooze(72-122cm),void(141-150cm)","gray (72-88cm), light gray (88-122cm), white (122-141cm)","5y 5/1 (72-88cm), 5y 7/2 (88-122cm), 7.5yr 8/0 (122-141cm)","minor bioturbation (95-105,122-135cm)",,,,"forams (122-141cm), nannos",,,,H,-1.19783,-11.87850,0023.70,2442,2520
108,663,A,004,Hydraulic (Advanced) Piston Core,02,CUR,000,,,065,,,"siliceous-bearing, foram-bearing nannofossil ooze (0-55cm) and siliceous-bearing muddy nannofossil ooze (55-65cm)","white with blue-black mottling (0-55cm), gray (55-62cm), olive gray (62-65cm)","7.5yr 8/0 (0-55cm), 5y 5/1 (55-62cm), 5y 5/2 (62-65cm)","moderate bioturbation (0-45cm), mottling (0-55cm)",,,,"forams (0-55cm), nannos",,,,H,-1.19783,-11.87850,0025.20,2520,2585
108,663,A,004,Hydraulic (Advanced) Piston Core,02,CUR,065,,,150,,,siliceous-bearing muddy nannofossil ooze,"gray/light gray with blue-black laminae at 85-95cm (65-125,137-150cm), gray (125-137cm)","5y 6/1 (65-125,137-150cm), 5y 5/1 (125-137cm)",laminae (85-95cm),,,,nannos,,,,H,-1.19783,-11.87850,0025.20,2585,2670
108,663,A,004,Hydraulic (Advanced) Piston Core,03,KAT,000,,,150,,,"siliceous/foram-bearing nanno ooze (0-70,86-150cm) and siliceous-bearing, muddy nanno ooze (70-86cm)","white (0-70,86-150cm), gray (70-86cm)","7.5yr 8/0 (0-70,135-150cm), 5y 8/1 (86-135cm), 5y 5/1","minor bioturbation (0-70,135-150cm)",,,,"forams (0-70,86-150cm), nannos",,,,H,-1.19783,-11.87850,0026.70,2670,2820
108,663,A,004,Hydraulic (Advanced) Piston Core,04,CUR,000,,,150,,,"siliceous/foram-bearing nanno ooze alternating w/ siliceous-bearing, muddy nanno ooze","gray/light gray (rest), light gray (10-25,70-75,84-98cm), white w/ black laminae (30-70,98-145cm), gray (75-84cm)","5y 6/1, 5y 7/1, 7.5yr 8/0, 5y 5/1","laminae (30-70,98-145cm), normal graded bedding (30,75cm), moderate bioturbation (46-50,65-70,100-125cm)",,,,"forams, nannos","turbidites (30,75cm)",,,H,-1.19783,-11.87850,0028.20,2820,2970
108,663,A,004,Hydraulic (Advanced) Piston Core,05,KAT,000,,,150,,,"siliceous/foram-bearing nanno ooze and/or siliceous-bearing, muddy nanno ooze","light gray-white(0-24cm),light gray(24-40,68-80cm),gray/light gray (40-68,120-150cm), gray/light gray - gray (rest)","5y 7/1 - 5y 8/1, 5y 7/1, 5y 6/1, 5y 6/1 - 5y 5/1","fining upward sequence & normal graded bedding (68-80cm), moderate (0-24cm) to minor? (24-70,80-130cm) bioturbation",,,,"forams (esp. 68-80cm), nannos",turbidite (68-80cm),,,H,-1.19783,-11.87850,0029.70,2970,3120
108,663,A,004,Hydraulic (Advanced) Piston Core,06,CUR,000,,,150,,,"siliceous/foram-bearing nannofossil ooze and/or siliceous-bearing, muddy nannofossil ooze, void (108-150cm)","gray/light gray(0-13,18-40cm),light gray(13-18cm),white(40-53cm),gray(53-70cm),gray/light gray to light gray (rest)","5y 6/1, 5y 7/1, 7.5yr 8/0, 5y 5/1, 5y 6/1 to 5y 7/1","moderate bioturbation (10-30,40-45,50-65cm)",,,,"forams (esp. 90-95cm), nannos",turbidite (90-95cm),,,H,-1.19783,-11.87850,0031.20,3120,3270
108,663,A,004,Hydraulic (Advanced) Piston Core,07,KAT,000,,,066,,,"foram-turbidites (0-5,13-66cm)",white,5y 8/1,fining upward sequence & normal graded bedding (0-5cm),"highly (0-5,13-66cm) to slightly disturbed to soupy ?",,,forams,"two foram turbidites (0-5,13-66cm)",,,H,-1.19783,-11.87850,0032.39,3238,3304
108,663,A,004,Hydraulic (Advanced) Piston Core,CC,KAT,000,,,016,,,foram-turbidite,"white (0-5cm), light gray (5-16cm)","5y 8/1, 5y 7/1",,,,,forams,foram turbidite,,,H,-1.19783,-11.87850,0033.05,3304,3320
108,663,A,006,Hydraulic (Advanced) Piston Core,01,KAT,000,,,150,,,"siliceous-bearing, clay-bearing foram-nannofossil ooze &/or siliceous-bearing foram-nannofossil ooze? (0-8,30-35cm)","white (0-8,30-32cm), gray/light gray (8-30,32-60,130-150cm), light greenish gray (60-130cm)","7.5yr 8/0, 5y 6/1, 5gy 7/1",slump folded,,,,"forams, nannos",,,,H,-1.19783,-11.87850,0042.70,4270,4420
108,663,A,006,Hydraulic (Advanced) Piston Core,02,KAT,000,,,150,,,"siliceous/clay-bearing foram-nanno ooze (0-20,57-150cm) and siliceous-bearing foram-nanno ooze (20-57cm)","gray/light gray (0-20cm), white (20-57cm), light gray down to light greenish gray (57-150cm)","5y 6/1, 7.5yr 8/0, 5y 7/1 - 5gy 7/1","slump structures (0-6cm),minor bioturbation (6-15,25-65,140-145cm),chondrites (10cm),zoophycos (15cm),shear plane (6cm)",,,,"forams, nannos",shear plane (6cm),,,H,-1.19783,-11.87850,0044.20,4420,4570
108,663,A,006,Hydraulic (Advanced) Piston Core,03,KAT,000,,,150,,,"siliceous/clay-bearing foram-nanno ooze (0-15,34-65cm) alternating w/ siliceous-bearing foram-nanno ooze(15-34,65-150cm)","gray/light gray (0-15cm), white (15-34,65-150cm), light gray (34-65cm)","5y 6/1, 5y 8/1 (15-34,65-85,132-150cm), 7.5yr 8/0 (85-132cm), 5y 7/2","minor bioturbation (0-30,65-105,115-150cm), zoophycos ? (18-22,101cm), laminae (135,142cm)",,,,"forams, nannos",,,,H,-1.19783,-11.87850,0045.70,4570,4720
108,663,A,006,Hydraulic (Advanced) Piston Core,04,CUR,000,,,065,,,"siliceous-bearing, clay-bearing foram-nannofossil ooze (0-15,32-65cm),siliceous-bearing foram-nannofossil ooze (15-32cm)","gray to greenish gray (0-15cm), white w/ gray/light gray mottling (15-32cm), light greenish gray (32-65cm)","5y 5/1 to 5gy 5/1 (0-15cm), 7.5yr 8/0 w/ 5y 6/1 mottling (15-32cm), 5gy 7/1","mottling (15-32cm), moderate bioturbation (10-20cm)",,,,"forams, nannos",,,,H,-1.19783,-11.87850,0047.20,4720,4785
108,663,A,006,Hydraulic (Advanced) Piston Core,04,CUR,065,,,150,,,"siliceous/clay-bearing foram-nanno ooze (65-84cm), siliceous-bearing foram-nanno ooze (84-120cm), void (120-150cm)","light gray (65-84,140-150?cm), white (84-140?cm)","5y 7/1 (65-84,140-150?cm), 7.5yr 8/0 (84-140?cm)",laminae (135-137cm),,,,"forams, nannos",,,,H,-1.19783,-11.87850,0047.20,4785,4870
108,663,A,006,Hydraulic (Advanced) Piston Core,05,CUR,000,,,120,,,siliceous/clay-bearing foram-nanno ooze and/or siliceous-bearing foram-nanno ooze,"white to light gray (0-10cm), light olive gray (10-73cm), white with blue-black laminations and burrows(73-120cm)","7.5yr 8/0 to 5y 7/1, 5y 6/2, 7.5yr 8/0","laminae and burrows (73-120cm), moderate bioturbation (0-10,25-35,70-115cm)",,,,"forams, nannos",,,,H,-1.19783,-11.87850,0048.70,4870,4990
108,663,A,006,Hydraulic (Advanced) Piston Core,05,CUR,120,,,150,,,organic geochemistry sample,,,,,,,,,,,H,-1.19783,-11.87850,0048.70,4990,5020
108,663,A,006,Hydraulic (Advanced) Piston Core,CC,CUR,000,,,013,,,siliceous-bearing foraminifer-nannofossil ooze with mottles of siliceous/clay-bearing foraminifer-nannofossil ooze?,white with gray/light gray mottling,7.5yr 8/0 w/ 5y 6/1 mottling,mottling,highly disturbed,,,"forams, nannos",,,,H,-1.19783,-11.87850,0050.02,5002,5015
108,663,A,008,Hydraulic (Advanced) Piston Core,01,KAT,000,,,088,,,"siliceous/clay/foram-bearing nanno ooze (10-50,55-57,73-88cm) and foram-nanno ooze (0-10,50-55,57-73cm)","white (0-10,50-55,57-73cm), light gray (10-50,55-57,73-88cm)","7.5yr 8/0 (0-10,50-55,57-73cm), 5y 7/1 - 5y 7/2 (10-50cm), 5y 7/2(55-57,73-88cm)","fault (50-55cm), laminae (10-73cm), minor bioturbation (40-88cm), slump structures, chondrites (50-55,73-88cm)",,,,"nannos, forams",,,,H,-1.19783,-11.87850,0061.70,6170,6258
108,663,A,008,Hydraulic (Advanced) Piston Core,01,KAT,088,,,150,,,foraminifer-nannofossil ooze,white,7.5yr 8/0 - 5y 8/1,"minor (88-110,133-150cm) to moderate (115-130cm) bioturbation, slump structures",,,,"nannos, forams",,,,H,-1.19783,-11.87850,0061.70,6258,6320
108,663,A,008,Hydraulic (Advanced) Piston Core,02,CUR,000,,,150,,,"siliceous/clay/foram-bearing nannofossil ooze (0-28,45-62,90-110,128-150cm) & clay-bearing foram-nannofossil ooze (rest)","white with black laminations and burrows (28-45,62-90,108-128cm), light gray to gray/light gray (90-108,128-150cm)","10y 6/2 (0-28,45-62cm), 7.5yr 8/0, 5y 7/1 - 5y 6/1","burrows and laminations (28-45,62-90,108-128cm), moderate bioturbation (65-95,108-125cm), laminae (135-145cm)",,,,"nannos, forams",,,,H,-1.19783,-11.87850,0063.20,6320,6470
108,663,A,008,Hydraulic (Advanced) Piston Core,03,KAT,000,,,028,,,"siliceous-bearing, clay-bearing, foram-bearing nannofossil ooze","gray/light gray (0-10cm), light gray (10-28cm)","5y 6/1 (0-10cm), 5y 7/2 (10-28cm)",moderate bioturbation & chondrites (0-10cm),,,,"forams, nannos",,,,H,-1.19783,-11.87850,0064.70,6469,6497
108,663,A,008,Hydraulic (Advanced) Piston Core,03,KAT,028,,,110,,,foram-nannofossil ooze,white,7.5yr 8/0,"minor bioturbation (28-40,50-53cm), faults (45-105cm), slump fold (65-70cm), laminae (105-110cm)",,,,"forams, nannos",,,,H,-1.19783,-11.87850,0064.70,6497,6579
108,663,A,008,Hydraulic (Advanced) Piston Core,03,KAT,110,,,150,,,foram-nannofossil ooze,white,"5y 8/1 (110-125cm), 7.5yr 8/0 (125-150cm)","laminae, slump fold (125-130cm)",,,,"forams, nannos",,,,H,-1.19783,-11.87850,0064.70,6579,6619
108,663,A,008,Hydraulic (Advanced) Piston Core,04,CUR,000,,,125,,,"siliceous/clay/foraminifer-bearing nanno ooze (0-2,50-125cm) & clay-bearing, foram-nannofossil ooze (2-50cm)","light gray(0-2cm), white w/ black laminae & burrows (2-35cm), white-green-gray layers(35-50cm), light gray(60-70cm)","5y 7/1, 7.5yr 8/0, 10y 6/2 (50-60,70-125cm), 5y 7/1 w/ 10y 6/2 (60-70cm)","laminae & burrows (2-35cm), layers (35-50,60-65cm), minor (8-12cm) to moderate (20-35cm) bioturbation",,,,"nannos, forams",,,,H,-1.19783,-11.87850,0066.20,6619,6744
108,663,A,008,Hydraulic (Advanced) Piston Core,04,CUR,125,,,150,,,"clay-bearing, foraminifer-nannofossil ooze",white and green layers,,"layers, minor bioturbation (130-150cm)",,,,"nannos, forams",,,,H,-1.19783,-11.87850,0066.20,6744,6769
108,663,A,008,Hydraulic (Advanced) Piston Core,05,KAT,000,,,110,,,"siliceous/clay/foram-bearing nanno ooze(0-11,24-40,60-100cm) & clay-bearing, foram-nanno ooze (11-24,40-60,100-110cm)","light gray(0-11,24-40,60-100cm),white(11-24,40-60,100-110cm)","5y 7/2 (0-11,24-40cm), 5y 7/1 (60-100cm), 7.5yr 8/0","slide planes (8,24,85cm), slump structures, laminae (11-24,40-85,100-110cm), minor bioturbation (24-40,90-100cm)",,,,"nannos, forams",,,,H,-1.19783,-11.87850,0067.70,6769,6879
108,663,A,008,Hydraulic (Advanced) Piston Core,05,KAT,110,,,120,,,"clay-bearing, foraminifer-nannofossil ooze",white,5y 8/1,"slump structures, laminae",,,,"nannos, forams",,,,H,-1.19783,-11.87850,0067.70,6879,6889
108,663,A,008,Hydraulic (Advanced) Piston Core,05,KAT,120,,,150,,,organic geochemistry sample,,,,,,,,,,,H,-1.19783,-11.87850,0067.70,6889,6919
108,663,A,008,Hydraulic (Advanced) Piston Core,06,CUR,000,,,084,,,"siliceous/clay/foram-bearing nannofossil ooze (62-84cm) and clay-bearing, foraminifer-nannofossil ooze (0-62cm)",white w/ black laminations and burrows (0-62cm),"7.5yr 8/0, 10y 6/2 (62-84cm)","minor bioturbation (0-62cm), laminae and burrows (0-62cm)",,,,"nannos, forams",,,,H,-1.19783,-11.87850,0069.20,6919,7003
108,663,A,008,Hydraulic (Advanced) Piston Core,CC,CUR,000,,,019,,,"siliceous-bearing, clay-bearing, foram-bearing nannofossil ooze",,10y 6/2 - 10y 5/2,,highly disturbed,,,"nannos, forams",,,,H,-1.19783,-11.87850,0070.04,7004,7023
108,663,A,009,Hydraulic (Advanced) Piston Core,01,KAT,000,,,150,,,"siliceous/clay/foram-bearing nann0 (0-7,21-27,32-41,81-95cm) and clay-bearing foram-nanno ooze(rest), void (148-150cm)","light gray (0-7,21-27cm), white (7-21,27-32,41-81,95-148cm), light olive gray (32-41cm), gray/light gray (81-95cm)","5y 7/1, 7.5yr 8/0 (7-21,27-32,41-81,124-148cm), 5y 8/1 (95-124cm),5y 6/2, 5y 6/1","minor bioturbation (55-81,95-124cm), laminae (7-32cm)",,,,"nannos, forams",,,,H,-1.19783,-11.87850,0071.20,7119,7269
108,663,A,009,Hydraulic (Advanced) Piston Core,02,CUR,000,,,150,,,"siliceous/clay/foram-bearing nanno ooze (11-13,25-34,80-100cm) alternating w/ clay-bearing foram-nanno ooze(rest)","white (0-11,13-25,34-80,100-150cm), light gray (11-13,80-100cm),light olive gray (25-34cm),black mottling (34-80cm)","7.5yr 8/0, n7/ (11-13cm), 5y 7/1 (80-100cm), 5y 6/2","mottling (34-80cm), minor (105-142cm) to moderate (23-22,33-40,55-60cm) bioturbation, laminae (93-94cm)",,,,"nannos, forams",,,,H,-1.19783,-11.87850,0072.70,7269,7419
108,663,A,009,Hydraulic (Advanced) Piston Core,03,KAT,000,,,150,,,"siliceous/clay/foram-bearing nanno ooze (24-55cm) and clay-bearing foram-nanno ooze (0-24,55-150cm)","white (0-24,55-150cm), light gray (24-55cm)","7.5yr 8/0 (0-24,86-150cm), 5y 8/1 (55-86cm), 5y 7/2",minor bioturbation,,,,"nannos, forams",,,,H,-1.19783,-11.87850,0074.20,7419,7569
108,663,A,009,Hydraulic (Advanced) Piston Core,04,MAZ,000,,,074,,,siliceous/clay/foram-bearing nanno ooze alternating w/ clay-bearing foram-nanno ooze to foram-nanno ooze,"white mottled with black pyritic sediment at 0-44cm (0-44,54-74cm), light gray (44-54cm)","7.5yr 8/1 (0-44,54-74cm), 5y 7/1 (44-54cm)","mottling (0-44cm), minor (0-44,54-74cm) to moderate (44-54cm) bioturbation",,,pyritic sediment (0-44cm),"forams, nannos",,,,H,-1.19783,-11.87850,0075.70,7569,7643
108,663,A,009,Hydraulic (Advanced) Piston Core,04,MAZ,074,,,120,,,siliceous/clay/foram-bearing nanno ooze alternating w/ clay-bearing foram-nanno ooze to foram-nanno ooze,"light gray (74-90cm), gray (90-100cm), olive gray (100-120cm)","5y 7/1 (74-90cm), 5y 5/1 (90-100cm), 5y 5/2 (100-120cm)",minor (74-90cm) to moderate (100-120cm) bioturbation,,,,"forams, nannos",,,,H,-1.19783,-11.87850,0075.70,7643,7689
108,663,A,009,Hydraulic (Advanced) Piston Core,04,MAZ,120,,,150,,,siliceous/clay/foram-bearing nanno ooze alternating w/ clay-bearing foram-nanno ooze to foram-nanno ooze,"light olive gray (120-133cm), olive gray (133-143cm), gray/light gray (143-150cm)","5y 6/2 (120-133cm), 5y 5/2 (133-143cm), 5y 6/1 (143-150cm)","minor (120-133,143-150cm) to moderate (133-143cm) bioturbation",,,,"forams, nannos",,,,H,-1.19783,-11.87850,0075.70,7689,7719
108,663,A,009,Hydraulic (Advanced) Piston Core,05,MAZ,000,,,093,,,siliceous/clay/foraminifer-bearing nanno ooze alternating w/ clay-bearing foraminifer-nanno ooze to foram-nanno ooze,"gray/light gray-light gray(0-20cm),white(20-46cm),light gray(46-60cm), gray/light gray (rest), olive gray (68-84cm)","5y 6/1 grading down to 5y 7/1, 5y 8/1, 5y 7/1, 5y 6/1, 5y 5/2","laminae (5,14,63-65cm), minor bioturbation",,,,"nannos, forams",,,,H,-1.19783,-11.87850,0077.20,7719,7812
108,663,A,009,Hydraulic (Advanced) Piston Core,05,MAZ,093,,,150,,,siliceous/clay/foram-bearing nanno ooze alternating w/ clay-bearing foraminifer-nanno ooze to foram-nannofossil ooze,"light gray (93-113cm), white (113-132cm), gray/light gray (132-142cm), olive gray (142-150cm)","5y 8/1, 5y 7/1, 5y 6/1, 5y 5/2","laminae (137cm), minor to moderate (112-125cm) bioturbation",,,,"nannos, forams",,,,H,-1.19783,-11.87850,0077.20,7812,7869
108,663,A,009,Hydraulic (Advanced) Piston Core,06,MAZ,000,,,052,,,siliceous/clay/foram-bearing nanno ooze and/or foram-nanno ooze to clay-bearing foram-nanno ooze,"olive gray (0-10cm), light olive gray (10-24cm), light gray (24-37,47-52cm), gray/light gray (37-47cm)","5y 5/2, 5y 6/2, 5y 7/1, 5y 6/1",minor bioturbation (0-47cm),,,,"nannos, forams",,,,H,-1.19783,-11.87850,0078.70,7869,7921
108,663,A,009,Hydraulic (Advanced) Piston Core,CC,MAZ,000,,,020,,,siliceous/clay/foraminifer-bearing nanno ooze and/or clay-bearing foraminifer-nanno ooze to foram-nanno oozeoo,light gray grading down to white,5y 7/1 grading down to 5y 8/1,,highly disturbed,,,"nannos, forams",,,,H,-1.19783,-11.87850,0079.20,7919,7939
108,663,A,010,Hydraulic (Advanced) Piston Core,01,FAU,000,,,150,,,"foram-nanno alternating w/ foram-bearing siliceous nanno to siliceous/foram-bearing nanno ooze, void (147-150cm)","white (0-21,27-62,142-147cm), black blebs (27-62cm)","2.5y 8/1, 10y 7/1 (21-27cm), mottled 10y 5/2 - 5y 6/2 - 5y 6/1 (62-142cm)","mottling (62-142cm), minor (15-35,60-80,110-140cm) to moderate (80-110cm) bioturbation",soupy (0-5cm),,,"nannos, forams",,,,H,-1.19783,-11.87850,0080.70,8069,8219
108,663,A,010,Hydraulic (Advanced) Piston Core,02,FAU,000,,,150,,,"foram-nanno ooze and/or foram-bearing, siliceous nanno ooze & siliceous-bearing, foram-bearing nanno ooze","black blebs (18-80cm), light olive gray? (0-18cm), white (18-80cm), mottled white - light olive gray (80-150cm)","5y 6/2?, 2.5y 8/1, mottled 2.5y 8/1 - 5y 6/2","mottling (80-150cm), moderate (80-150cm) to minor (15-80cm) bioturbation",,,,"nannos, forams",,,,H,-1.19783,-11.87850,0082.20,8219,8369
108,663,A,010,Hydraulic (Advanced) Piston Core,03,FAU,000,,,102,,,"foram-nanno ooze alternating w/ foram-bearing, siliceous nanno ooze & siliceous-bearing, foram-bearing nanno ooze","light gray(0-10,90-102cm),gray/light gray-light olive gray(10-47cm),olive gray(47-54cm),white w/ black blebs (rest)","10y 7/1?, 5y 6/1? - 5y 6/2?, 10y 5/2?, 10y 8/1?","minor bioturbation (0-15,54-102cm), slide plane? (53cm)",,,,"nannos, forams",,,,H,-1.19783,-11.87850,0083.70,8369,8471
108,663,A,010,Hydraulic (Advanced) Piston Core,03,FAU,102,,,150,,,"foram-nanno ooze alternating w/ foram-bearing, siliceous nanno ooze & siliceous-bearing, foram-bearing nanno ooze","gray/light gray (102-124,132-134cm), white (124-132,134-150cm), black blebs (124-150cm)","5y 6/1?, 10y 8/1?",minor bioturbation,,,,"nannos, forams",,,,H,-1.19783,-11.87850,0083.70,8471,8519
108,663,A,010,Hydraulic (Advanced) Piston Core,04,FAU,000,,,150,,,"foram-nanno ooze alternating w/ foram-bearing, siliceous nanno ooze & siliceous-bearing, foram-bearing nanno ooze","light olive gray (0-11cm), light gray (36-57,115-136,146-150cm), white (57-115,136-146cm), black blebs (57-115cm)","5y 6/2?,10y 5/2(11-36cm),10y 7/1?(36-57,146-150cm),7.5yr 7/1(110-136cm),10y 8/1","minor bioturbation (3-18,43-72cm), slide plane (36cm), laminae (114-115cm)",,,,"nannos, forams",,,,H,-1.19783,-11.87850,0085.20,8519,8669
108,663,A,010,Hydraulic (Advanced) Piston Core,05,FAU,000,,,150,,,"foram-nanno ooze alternating w/ foram-bearing, siliceous nanno ooze & siliceous-bearing, foram-bearing nanno ooze","gray/light gray(0-10cm),white w/black blebs(10-28,65-102,137-150cm),light gray(60-65cm),light olive gray(102-137cm)","5y 6/1?, 2.5y 8/1, 10y 5/2 - 5y 6/2 (28-60cm), 10y 7/1?, 10y 6/2?","slide plane (10cm), minor bioturbation (15-25,65-120,135-150cm)",,,,"nannos, forams",,,,H,-1.19783,-11.87850,0086.70,8669,8819
108,663,A,010,Hydraulic (Advanced) Piston Core,06,FAU,000,,,043,,,"foram-nanno ooze and/or foram-bearing, siliceous nanno ooze & siliceous-bearing, foram-bearing nanno ooze",white w/ black blebs and laminations,2.5y 8/1,"laminae?, minor bioturbation",,,,"nannos, forams",,,,H,-1.19783,-11.87850,0088.20,8819,8862
108,663,A,010,Hydraulic (Advanced) Piston Core,CC,FAU,000,,,019,,,"foram-nanno ooze and/or foram-bearing, siliceous nanno ooze & siliceous-bearing, foram-bearing nanno ooze",white mottled with light gray,2.5y 8/1 mottled w/ 10y 7/1?,"mottling, minor bioturbation",slightly disturbed,,,"nannos, forams",,,,H,-1.19783,-11.87850,0088.62,8862,8881
108,663,A,011,Hydraulic (Advanced) Piston Core,01,FAU,000,,,072,,,foram-nanno ooze alternating w/ foram-bearing siliceous nanno ooze & siliceous/foram-bearing nanno ooze,"gray/light gray? (16-22cm), mottled white, gray/light gray, light olive gray? with black blebs (22-72cm)","10y 6/1 (16-22cm), mottled 10y 8/1, 10y 6/1, 10y 6/2 (22-72cm)","mottling (22-72cm), minor bioturbation (22-72cm)",highly disturbed (0-16cm),,,"forams, nannos",,,,H,-1.19783,-11.87850,0090.20,9019,9091
108,663,A,011,Hydraulic (Advanced) Piston Core,01,FAU,072,,,090,,,foram-nannofossil ooze and/or foram-bearing siliceous nannofossil ooze and siliceous/foram-bearing nannofossil ooze,light gray?,10y 7/1,minor bioturbation,,,,"forams, nannos",,,,H,-1.19783,-11.87850,0090.20,9091,9109
108,663,A,011,Hydraulic (Advanced) Piston Core,01,FAU,090,,,130,,,"foram-bearing, siliceous nanno ooze and siliceous-bearing, foram-bearing nanno ooze","gray (90-95cm), gray/light gray - light olive gray (95-110cm), olive gray (110-120cm), gray/light gray (120-130cm)","10y 5/1?, 5y 6/1?-5y 6/2?, 10y 5/2?, 5y 6/1?",,,,,"nannos, forams",,,,H,-1.19783,-11.87850,0090.20,9109,9149
108,663,A,011,Hydraulic (Advanced) Piston Core,01,FAU,130,,,150,,,"foram-nanno ooze and/or foram-bearing,siliceous nanno ooze & siliceous/foram-bearing nanno ooze, void(140-150cm)",light gray to white,10y 7/1 - 10y 8/1,laminations,,,,"nannos, forams",,,,H,-1.19783,-11.87850,0090.20,9149,9169
108,663,A,011,Hydraulic (Advanced) Piston Core,02,FAU,000,,,097,,,"foram-nanno ooze alternating w/ foram-bearing, siliceous nanno ooze & siliceous-bearing, foram-bearing nanno ooze","white - light gray - light olive gray (0-55cm), white w/ black blebs & laminae (55-84cm), light gray (84-97cm)",10y 8/1? - 10y 7/1? - 5y 6/2? - 10y 8/1? - 10y 7/1?,"laminations (55-84cm), minor bioturbation (55-84cm), pebbles (0-56cm), debris flow (0-56cm)",,pebbles (0-56cm),,"nannos, forams",debris flow (0-56cm),,,H,-1.19783,-11.87850,0091.70,9169,9266
108,663,A,011,Hydraulic (Advanced) Piston Core,02,FAU,097,,,150,,,"foram-nanno ooze and foram-bearing, siliceous nanno ooze & siliceous-bearing, foram-bearing nanno ooze","gray/light gray (97-115cm), white w/ black blebs (115-137cm), light olive gray - olive gray (137-150cm)","5y 6/1?, 10y 8/1? w/ black blebs, 5y 6/2? - 10y 5/2? (137-150cm)",minor bioturbation (110-140cm),,,,"nannos, forams",,,,H,-1.19783,-11.87850,0091.70,9266,9319
108,663,A,011,Hydraulic (Advanced) Piston Core,03,FAU,000,,,090,,,"foram-nanno ooze alternating w/ foram-bearing, siliceous nanno ooze and siliceous/foram-bearing nanno ooze","white w/ black blebs (34-74cm), light olive gray? (74-90cm)","10y 5/2 (0-34cm), 2.5y 8/1 (34-74cm), 5y 6/2? (74-90cm)",minor bioturbation (30-90cm),,,,"forams, nannos",,,,H,-1.19783,-11.87850,0093.20,9319,9409
108,663,A,011,Hydraulic (Advanced) Piston Core,03,FAU,090,,,150,,,"foram-nanno ooze alternating w/ foram-bearing, siliceous nanno ooze and siliceous/foram-bearing nanno ooze","grayish brown? (90-108cm), white w/ black blebs or laminae (108-150cm)","2.5y 5/2? (90-108cm), 2.5y 8/1 (108-150cm)","minor bioturbation (100-150cm), laminae? (108-150cm)",,,,"forams, nannos",,,,H,-1.19783,-11.87850,0093.20,9409,9469
108,663,A,011,Hydraulic (Advanced) Piston Core,04,FAU,000,,,096,,,foram-nannofossil ooze and/or foram-bearing siliceous nannofossil ooze or siliceous/foram-bearing nannofossil ooze,white w/ light gray mottling and black purple blebs and laminae,2.5y 8/1 mottled with 2.5y 7/1?,"minor bioturbation and mottling, laminae?",,,,"forams, nannos",,,,H,-1.19783,-11.87850,0094.70,9469,9565
108,663,A,011,Hydraulic (Advanced) Piston Core,04,FAU,096,,,150,,,foram-nannofossil ooze and/or foram-bearing siliceous nannofossil ooze or siliceous/foram-bearing nannofossil ooze,"light gray (96-120cm), gray/light gray to light brownish gray? (120-150cm)","2.5y 7/1? to 2.5y 7/2? (96-120cm), 2.5y 6/1? to 2.5y 6/2? (120-150cm)",,,,,"forams, nannos",,,,H,-1.19783,-11.87850,0094.70,9565,9619
108,663,A,011,Hydraulic (Advanced) Piston Core,05,FAU,000,,,029,,,foraminifer sandy turbidite,"light gray (0-13,27-29cm), light olive gray? (13-27cm)","10y 7/2 (0-13,27-29cm), 5y 6/2? (13-27cm)",fining upward sequence and normal graded bedding,,,,forams,turbidite,,,H,-1.19783,-11.87850,0096.20,9619,9648
108,663,A,011,Hydraulic (Advanced) Piston Core,05,FAU,029,,,097,,,foram-nanno ooze alternating w/ foram-bearing siliceous nanno ooze and siliceous/foram-bearing nanno ooze,"light olive gray? (29-40cm), light gray (40-57cm), white w/ black purple blebs & laminae (57-97cm)","5y 6/2? (29-40cm), 10y 7/1 (40-57cm), 10y 8/1 (57-97cm)",laminae and minor bioturbation (57-97cm),,,,"forams, nannos",,,,H,-1.19783,-11.87850,0096.20,9648,9716
108,663,A,011,Hydraulic (Advanced) Piston Core,05,FAU,097,,,140,,,foram-nanno ooze alternating w/ foram-bearing siliceous nanno ooze and siliceous/foram-bearing nanno ooze,"light gray (97-114cm), white (114-140cm), black purple blebs and laminae","10y 7/1 (97-114cm), 2.5y 8/1 (114-140cm)","laminae, minor bioturbation (97-100cm)",,,,"forams, nannos",,,,H,-1.19783,-11.87850,0096.20,9716,9759
108,663,A,011,Hydraulic (Advanced) Piston Core,05,FAU,140,,,150,,,interstitial water sample,,,,,,,,,,,H,-1.19783,-11.87850,0096.20,9759,9769
108,663,A,011,Hydraulic (Advanced) Piston Core,06,FAU,000,,,062,,,"foram-nanno ooze w/ foram-bearing, siliceous nanno ooze & siliceous-bearing, foram-bearing nanno ooze","light gray (0-20cm), white (20-62cm)","10y 7/2?, 10y 8/1?",minor bioturbation (15-35cm),highly disturbed ? (35-50cm),,,"nannos, forams",debris flow? (35-62cm),,,H,-1.19783,-11.87850,0097.70,9769,9831
108,663,A,011,Hydraulic (Advanced) Piston Core,CC,FAU,000,,,017,,,"foram-nanno ooze w/ foram-bearing, siliceous nanno ooze & siliceous-bearing, foram-bearing nanno ooze",white,2.5y 8/1,fining upward sequence and normal graded bedding? (0-10cm),highly disturbed (10-17cm),,,"nannos, forams (esp. 0-10cm)",foraminifer sandy turbidite? or debris flow (0-10cm),,,H,-1.19783,-11.87850,0098.32,9831,9848
108,663,A,012,Hydraulic (Advanced) Piston Core,01,FAU,000,,,150,,,"foram-bearing, siliceous nanno (0-40cm) w/ foram/siliceous-bearing nanno & foram-bearing nanno ooze (40-80,115-150cm)","olive gray (0-40cm), white (40-80,115-150cm), light olive gray (80-115cm), black blebs (40-80cm)","5y 5/2, 2.5y 8/1 (40-80,115-150cm), 10y 6/2?","minor bioturbation (40-90,110-150cm)",,,,"nannos, forams",,,,H,-1.19783,-11.87850,0099.70,9969,10119
108,663,A,012,Hydraulic (Advanced) Piston Core,02,FAU,000,,,150,,,"foram-bearing,siliceous nanno ooze alternating w/ foram-bearing, siliceous-bearing nanno ooze & foram-bearing nanno ooze","white w/black blebs/laminae & w/ light gray-light olive gray (rest), gray (84-110cm), light olive gray (110-130cm)","2.5y 8/1 mottled w/ 10y 7/2-10y 7/1-10y 6/2?, 10y 6/1?, 10y 6/2?, 5y 5/2?","laminations (0-84cm), minor bioturbation (0-100cm), mottling (0-84cm)",,,,"nannos, forams",,,,H,-1.19783,-11.87850,0101.20,10119,10269
108,663,A,012,Hydraulic (Advanced) Piston Core,03,FAU,000,,,032,,,foram-bearing nanno ooze alternating w/ foram/siliceous-bearing nanno ooze and foram-bearing nanno ooze,"olive gray? (0-15cm), light olive gray? (15-25cm), gray? (25-32cm)","5y 5/2? (0-15cm), 10y 6/2? (15-25cm), 10y 6/1 (25-32cm)",fining upward sequence and normal graded bedding (0-12cm),,,,"forams, nannos",,,,H,-1.19783,-11.87850,0102.70,10269,10301
108,663,A,012,Hydraulic (Advanced) Piston Core,03,FAU,032,,,107,,,foram-bearing nanno ooze alternating w/ foram/siliceous-bearing nanno ooze and foram-bearing nanno ooze,"white (32-65,84-107cm), light gray to gray? (65-84cm), black blebs and laminae","2.5y 8/1 (32-65,84-107cm), 10y 7/1 - 10y 6/1? (65-84cm)","minor bioturbation, laminae",,,,"forams, nannos",,,,H,-1.19783,-11.87850,0102.70,10301,10376
108,663,A,012,Hydraulic (Advanced) Piston Core,03,FAU,107,,,150,,,"foram-bearing, siliceous nanno ooze w/ foram-bearing, siliceous-bearing nanno ooze & foram-bearing nanno ooze","olive gray (127-134cm), light olive gray (107-127cm), white mottled w/ light gray (134-150cm)","5y 5/2, 10y 6/2?, 2.5y 8/1? mottled w/ 10y 7/1?-10y 7/2?","slump? (125-140cm), laminae (107-127cm), mottling (134-150cm)",,,,"forams, nannos",,,,H,-1.19783,-11.87850,0102.70,10376,10419
108,663,A,012,Hydraulic (Advanced) Piston Core,04,FAU,000,,,117,,,"foram-bearing, siliceous nanno ooze alternating w/foram-bearing, siliceous-bearing nanno ooze & foram-bearing nanno ooze","light olive gray (0-5cm), white (rest), olive gray (33-37cm), black-green laminae and blebs (37-117cm)","10y 6/2?, 2.5y 8/1?, 5y 5/2?","minor bioturbation, laminations (37-117cm)",,,,"nannos, forams",,,,H,-1.19783,-11.87850,0104.20,10419,10536
108,663,A,012,Hydraulic (Advanced) Piston Core,04,FAU,117,,,150,,,"foram-bearing, siliceous nanno ooze and/or foram-bearing, siliceous-bearing nanno ooze & foram-bearing nanno ooze","light gray - white - light olive gray mottled (117-143cm), light gray (143-150cm)","mottled 10y 7/1? - 2.5y 8/1? - 10y 6/2?, 10y 7/1?","minor (117-125,135-150cm) to moderate (125-135cm) bioturbation, mottling (117-143cm)",,,,"forams, nannos",,,,H,-1.19783,-11.87850,0104.20,10536,10569
108,663,A,012,Hydraulic (Advanced) Piston Core,05,FAU,000,,,120,,,"foram-bearing, siliceous nanno ooze alternating w/foram-bearing, siliceous-bearing nanno ooze & foram-bearing nanno ooze","white with black blebs & laminae (9-93cm), gray (93-110cm), light olive gray (110-120cm), light gray? (0-9cm)","10y 7/1 (0-9cm), 2.5y 8/1, 10y 6/1?, 10y 6/2?","laminations (9-93cm), minor bioturbation (0-105cm)",,,,"nannos, forams",,,,H,-1.19783,-11.87850,0105.70,10569,10689
108,663,A,012,Hydraulic (Advanced) Piston Core,05,FAU,120,,,150,,,organic geochemistry sample,,,,,,,,,,,H,-1.19783,-11.87850,0105.70,10689,10719
108,663,A,012,Hydraulic (Advanced) Piston Core,06,FAU,000,,,119,,,"foram-bearing siliceous-bearing nanno ooze (0-78cm) and foram-bearing nanno ooze (78-119cm), void (78-88cm)","white (88-119cm), gray (0-78cm)","10y 6/1 (0-78cm), 2.5y 8/1 (78-119cm)","minor bioturbation (0-40,88-119cm)",,,,"nannos, forams",,,,H,-1.19783,-11.87850,0107.20,10719,10838
108,663,A,012,Hydraulic (Advanced) Piston Core,CC,FAU,000,,,025,,,"foram-nanno ooze and/or foram-bearing, siliceous nanno ooze",light gray?,10y 7/1,,highly disturbed,,,"nannos, forams",,,,H,-1.19783,-11.87850,0108.48,10848,10873
108,663,A,013,Hydraulic (Advanced) Piston Core,01,FAU,000,,,150,,,"foram-bearing, siliceous nanno ooze w/ foram/siliceous-bearing nanno ooze & foram-bearing nanno ooze, void (142-150cm)","light gray (0-42,128-142cm), white (42-90cm), light olive  gray (90-128cm). black and green blebs (42-90cm)","10y 7/2? (0-42cm), 10y 7/1? (128-142cm), 2.5y 8/1, 10y 6/2?",minor bioturbation (42-115cm),highly disturbed (0-5cm),,,"nannos, forams",,,,H,-1.19783,-11.87850,0109.20,10919,11069
108,663,A,013,Hydraulic (Advanced) Piston Core,02,FAU,000,,,150,,,"foram-bearing, siliceous nanno ooze alternating w/ foram/siliceous-bearing nanno ooze & foram-bearing nanno ooze","light gray - white (0-68cm), light gray (68-99cm), white w/ black blebs (99-150cm)","10y 7/1? - 2.5y 8/1? - 10y 7/1?, 2.5y 8/1?","minor bioturbation (10-60,90-150cm)",,,,"nannos, forams",,,,H,-1.19783,-11.87850,0110.70,11069,11219
108,663,A,013,Hydraulic (Advanced) Piston Core,03,FAU,000,,,150,,,"foram-bearing, siliceous nanno ooze alternating w/ foram/siliceous-bearing nanno ooze & foram-bearing nanno ooze","white (0-9,48-94,136-150cm), light gray (9-35,94-136cm), light olive gray (35-48cm)","2.5y 8/1 (0-9,48-94,135-150cm), 10y 7/2?, 10y 6/2?","minor bioturbation (0-105,130-150cm)",,,,"nannos, forams",,,,H,-1.19783,-11.87850,0112.20,11219,11369
108,663,A,013,Hydraulic (Advanced) Piston Core,04,FAU,000,,,150,,,"foram-bearing, siliceous nanno ooze and/or foram/siliceous-bearing nanno ooze & foram-bearing nanno ooze","white (0-21,84-150cm), light olive gray (21-84cm), black blebs and laminations (84-150cm)","2.5y 8/1, 10y 6/2?","laminations (15-30,84-150cm), minor bioturbation (0-25,84-150cm)",,,,"nannos, forams",,,,H,-1.19783,-11.87850,0113.70,11369,11519
108,663,A,013,Hydraulic (Advanced) Piston Core,05,FAU,000,,,150,,,"foram-bearing, siliceous nanno ooze and/or foram/siliceous-bearing nanno ooze & foram-bearing nanno ooze","white (0-20cm), mottled light gray-light olive gray-white (20-102cm), white w/ black blebs (102-150cm)","2.5y 8/1, mottled 10y 7/1? - 10y 7/2? - 10y 6/2? - 2.5y 8/1?","mottling (20-102cm), minor bioturbation",,,,"nannos, forams",,,,H,-1.19783,-11.87850,0115.20,11519,11669
108,663,A,013,Hydraulic (Advanced) Piston Core,06,FAU,000,,,115,,,foram-bearing nannofossil ooze,white with black blebs at (0-20cm),2.5y 8/1,"minor bioturbation, fining upward sequence & normal graded bedding (60-70cm), laminated (20-50cm)",,,,"nannos, forams",foraminifer sandy turbidite (60-70cm),,,H,-1.19783,-11.87850,0116.70,11669,11784
108,663,A,013,Hydraulic (Advanced) Piston Core,CC,FAU,000,,,019,,,"foram-bearing,siliceous nanno ooze and/or foram-bearing, siliceous-bearing nanno ooze & foram-bearing nanno ooze",light gray?,10y 7/1,,highly disturbed,,,"nannos, forams",,,,H,-1.19783,-11.87850,0117.85,11784,11803
108,663,A,014,Hydraulic (Advanced) Piston Core,01,MAZ,000,,,068,,,"siliceous-bearing, foram-bearing nannofossil ooze alternating with foram-bearing nannofossil ooze","light gray w/ thin white interbeds (25-60cm), white (60-68cm)","5y 7/2 with 5y 8/1 interbeds (25-60cm), 5y 8/1 (60-68cm)","minor bioturbation (25-60cm), bedding (25-60cm)",highly disturbed - drilling hash (0-25cm),,,"forams, nannos",,,,H,-1.19783,-11.87850,0118.70,11869,11937
108,663,A,014,Hydraulic (Advanced) Piston Core,01,MAZ,068,,,105,,,"siliceous-bearing, foram-bearing nannofossil ooze alternating with foram-bearing nannofossil ooze","light gray (68-70,71-77,83-94,98-105cm), white (70-71,77-83,94-98cm)","5y 7/2 (68-70,71-77,83-94,98-105cm), 5y 8/1 (70-71,77-83,94-98cm)","moderate bioturbation (68-70,71-77,83-94,98-105cm)",,,,"forams, nannos",,,,H,-1.19783,-11.87850,0118.70,11937,11974
108,663,A,014,Hydraulic (Advanced) Piston Core,01,MAZ,105,,,150,,,"siliceous-bearing, foram-bearing nannofossil ooze alternating with foram-bearing nannofossil ooze","light gray w/ thin white interbeds (105-113,133-137?cm), white (113-133,137-150cm)","5y 7/2 w/ 5y 8/1 interbeds (105-113,133-137?cm), 5y 8/1 (113-133,137-150cm)","moderate bioturbation (105-110,120-137cm), bedding (105-113,133-137cm)",,,,"forams, nannos",,,,H,-1.19783,-11.87850,0118.70,11974,12019
108,663,A,014,Hydraulic (Advanced) Piston Core,02,MAZ,000,,,150,,,"siliceous-bearing, foraminifer-bearing nannofossil ooze alternating w/ foraminifer-bearing nannofossil ooze","light gray (0-2,74-85cm), white (2-74,85-150cm), purple - green laminae (2-60,74-150cm)","5y 7/1 (0-2cm), 5y 7/2 (74-85cm), 5y 8/1","laminae dipping approx. 10 degrees (2-60,74-150cm), minor bioturbation (2-74,85-150cm)",,,,"nannos, forams",beginning of a mass flow deposit (85-150cm),,,H,-1.19783,-11.87850,0120.20,12019,12169
108,663,A,014,Hydraulic (Advanced) Piston Core,03,MAZ,000,,,150,,,foraminifer-bearing nannofossil ooze,white with purple - green laminae,5y 8/1,"laminae dipping approximately 10 degrees, minor bioturbation",,,,"nannos, forams",end of a mass flow deposit (0-100cm),,,H,-1.19783,-11.87850,0121.70,12169,12319
108,663,A,014,Hydraulic (Advanced) Piston Core,04,MAZ,000,,,079,,,"siliceous-bearing, foram-bearing nannofossil ooze alternating with foram-bearing nannofossil ooze","white (0-13cm), light gray (13-15cm), light gray mottled with light gray & white (15-79cm)","5y 8/1 (0-13cm), 5y 7/1 (13-15cm), 5y 7/2 mottled w/ 5y 7/1 & 5y 8/1 (15-79cm)","minor bioturbation, mottling (15-79cm)",,,,"forams, nannos",,,,H,-1.19783,-11.87850,0123.20,12319,12398
108,663,A,014,Hydraulic (Advanced) Piston Core,04,MAZ,079,,,136,,,"siliceous-bearing, foram-bearing nannofossil ooze alternating with foram-bearing nannofossil ooze",thinly interbedded light gray and white,"thinly interbedded 5y 7/2, 5y 7/1 and 5y 8/1","<1cm-10cm thick bedding, minor bioturbation",,,,"forams, nannos",,,,H,-1.19783,-11.87850,0123.20,12398,12455
108,663,A,014,Hydraulic (Advanced) Piston Core,04,MAZ,136,,,150,,,"siliceous-bearing, foraminifer-bearing nannofossil ooze and/or foraminifer-bearing nannofossil ooze","light olive gray (136-146cm), light gray (146-150cm)","5y 6/2, 5y 7/2","moderate bioturbation (136-146cm), chondrites (136-146cm)",,,,"forams, nannos",,,,H,-1.19783,-11.87850,0123.20,12455,12469
108,663,A,014,Hydraulic (Advanced) Piston Core,05,MAZ,000,,,150,,,"siliceous-bearing, foraminifer-bearing nannofossil ooze alternating w/ foraminifer-bearing nannofossil ooze","light gray (0-5,145-150cm), white (5-115cm), light gray - gray/light gray (115-134cm), light olive gray (134-145cm)","5y 7/2, 5y 8/1, 5y 7/1 grading down to 5y 6/1, 5y 6/2","laminae (61,102cm), chondrites (134-145cm), minor to moderate (134-145cm) bioturbation",,,,"nannos, forams",,,,H,-1.19783,-11.87850,0124.70,12469,12619
108,663,A,014,Hydraulic (Advanced) Piston Core,06,MAZ,000,,,093,,,"siliceous-bearing, foraminifer-bearing nannofossil ooze alternating w/ foraminifer-bearing nannofossil ooze","light gray grading down to light olive gray (0-10,10-34cm), light gray (34-45cm), white (45-93cm)","5y 7/2 grading down to 5y 6/2, 5y 7/1, 5y 8/1","minor bioturbation (0-33,45-93cm), laminae (0-40cm), possible fold (60-70cm)",,,,"nannos, forams",,,,H,-1.19783,-11.87850,0126.20,12619,12712
108,663,A,014,Hydraulic (Advanced) Piston Core,CC,MAZ,000,,,020,,,"siliceous-bearing, foraminifer-bearing nannofossil ooze and  foraminifer-bearing nannofossil ooze","white (0-10cm), light gray - gray/light gray (10-20cm)","5y 8/1, 5y 7/1 - 5y 6/1",,highly disturbed,,,"nannos, forams",,,,H,-1.19783,-11.87850,0127.14,12713,12733
108,663,A,015,Hydraulic (Advanced) Piston Core,01,MAZ,000,,,060,,,"siliceous-bearing, foram-bearing nannofossil ooze and/or foram-bearing nannofossil ooze",white grading down to light gray with purple laminae and burrow fills,5y 8/1 grading down to 5y 7/1,"laminae (10-11,20-30,52cm), infilled burrows, moderate bioturbation",,,,"forams, nannos",,,,H,-1.19783,-11.87850,0128.20,12819,12879
108,663,A,015,Hydraulic (Advanced) Piston Core,01,MAZ,060,,,150,,,"siliceous-bearing, foram-bearing nannofossil ooze and/or foram-bearing nannofossil ooze, void (144-150cm)",light gray,5y 7/2 mottled with 5y 7/1 at 78-101cm,"minor (60-78cm) to moderate (78-101cm) bioturbation, mottling (78-101cm)",,,,"forams, nannos",,,,H,-1.19783,-11.87850,0128.20,12879,12969
108,663,A,015,Hydraulic (Advanced) Piston Core,02,MAZ,000,,,150,,,"siliceous-bearing, foraminifer-bearing nannofossil ooze and foraminifer-bearing nannofossil ooze","light gray (0-62,69-88cm), light olive gray (62-69cm), white with purple laminae & infilled burrows (88-150cm)","5y 7/1 (0-62cm), 5y 7/2 (69-88cm), 5y 6/2, 5y 8/1","chondrites (62-69cm), laminae & infilled burrows (88-150cm), minor (70-88cm) to moderate bioturbation",,,,"nannos, forams",,,,H,-1.19783,-11.87850,0129.70,12969,13119
108,663,A,015,Hydraulic (Advanced) Piston Core,03,MAZ,000,,,125,,,"siliceous-bearing, foraminifer-bearing nannofossil ooze alternating w/ foraminifer-bearing nannofossil ooze","white (0-30,33-68cm), light gray (30-33,68-77,85-125cm), light olive gray (77-85cm)","5y 8/1,5y 7/1(30-33,90-97,107-125cm),5y 7/2(68-77,85-90,97-107cm), 5y 6/2","chondrites (77-85cm), minor to moderate (77-85cm) bioturbation, laminae (30-62cm)",,,,"nannos, forams",,,,H,-1.19783,-11.87850,0131.20,13119,13244
108,663,A,015,Hydraulic (Advanced) Piston Core,03,MAZ,125,,,150,,,"siliceous-bearing, foraminifer-bearing nannofossil ooze and foraminifer-bearing nannofossil ooze","light gray (125-140cm), white (140-150cm)","5y 7/1 (131-140cm), 5y 7/2 (125-131cm), 5y 8/1",minor to moderate (140-150cm) bioturbation,,,,"forams, nannos",,,,H,-1.19783,-11.87850,0131.20,13244,13269
108,663,A,015,Hydraulic (Advanced) Piston Core,04,MAZ,000,,,150,,,"siliceous-bearing, foraminifer-bearing nannofossil ooze alternating w/ foraminifer-bearing nannofossil ooze","white (0-43cm), light gray (rest), light olive gray (55-67,140-150cm), white-light gray interbeds (83-119cm)","5y 8/1, 5y 7/1, 5y 6/2, 5y 7/1 - 5y 8/1 interbeds","minor (43-55,67-140cm) to moderate (0-43,55-67cm) bioturbation, chondrites (55-67cm), interbeds (83-119cm)",,,pyrite stains (0-43cm),"nannos, forams",,,,H,-1.19783,-11.87850,0132.70,13269,13419
108,663,A,015,Hydraulic (Advanced) Piston Core,05,MAZ,000,,,025,,,"siliceous-bearing, foram-bearing nannofossil ooze alternating with foram-bearing nannofossil ooze","light olive gray (0-9cm), light gray (9-25cm)","5y 6/2 (0-9cm), 5y 7/1 (9-25cm)","moderate (0-15cm) to minor (15-25cm) bioturbation, chondrites (0-15cm)",,,,"forams, nannos",,,,H,-1.19783,-11.87850,0134.20,13419,13444
108,663,A,015,Hydraulic (Advanced) Piston Core,05,MAZ,025,,,120,,,"siliceous-bearing, foram-bearing nannofossil ooze alternating with foram-bearing nannofossil ooze","white (25-99,111-120cm), light gray (99-111cm)","5y 8/1 (25-99,111-120cm), 5y 7/1 (99-111cm)","minor bioturbation (25-99,111-120cm), laminae (99-111cm), pyrite-stained burrows (25-99cm)",,,pyrite-stained burrows (25-99cm),"forams, nannos",,,,H,-1.19783,-11.87850,0134.20,13444,13539
108,663,A,015,Hydraulic (Advanced) Piston Core,05,MAZ,120,,,150,,,organic geochemistry sample,,,,,,,,,,,H,-1.19783,-11.87850,0134.20,13539,13569
108,663,A,015,Hydraulic (Advanced) Piston Core,06,MAZ,000,,,120,,,"siliceous-bearing, foraminifer-bearing nannofossil ooze alternating w/ foraminifer-bearing nannofossil ooze","white (0-29cm), light gray (29-54,105-120cm), white w/ pyrite stain (54-105cm)","5y 8/1, 5y 7/2","moderate bioturbation (0-15,54-100cm), laminae (15-54,100-120cm)",,,pyrite stain (54-105cm),"nannos, forams",,,,H,-1.19783,-11.87850,0135.70,13569,13689
108,663,A,015,Hydraulic (Advanced) Piston Core,CC,MAZ,000,,,024,,,"siliceous-bearing, foram-bearing nannofossil ooze",light gray,5y 7/2,,highly disturbed,,,"nannos, forams",,,,H,-1.19783,-11.87850,0136.93,13692,13716
108,663,A,016,Hydraulic (Advanced) Piston Core,01,MAZ,000,,,150,,,"siliceous-bearing, foraminifer-bearing nannofossil ooze and foraminifer-bearing nannofossil ooze","light gray (15-61cm), white (61-150cm)","5y 7/2 (15-33cm), 5y 7/1 (33-61cm), 5y 8/1","minor bioturbation (60-100,120-140,145-150cm), laminae (100-120,140-145cm)",highly (0-15cm) to moderately (15-32cm) disturbed,,,"nannos, forams",,,,H,-1.19783,-11.87850,0137.70,13769,13919
108,663,A,016,Hydraulic (Advanced) Piston Core,02,MAZ,000,,,113,,,"siliceous-bearing, foram-bearing nannofossil ooze alternating with foram-bearing nannofossil ooze","white (0-25,70-113cm), light gray (25-70cm), greenish laminae (10-25,70-110?cm)","5y 8/1 (0-25,70-113cm), 5y 7/1 (25-50,59-70cm), 5y 7/2 (50-59cm)","moderate (0-15,75-85,95-105cm) to minor (15-20,50-70cm) bioturbation, laminae (10-25,70-110cm),microfaults? (25-59cm)",,,,"forams, nannos",,,,H,-1.19783,-11.87850,0139.20,13919,14032
108,663,A,016,Hydraulic (Advanced) Piston Core,02,MAZ,113,,,150,,,"siliceous-bearing, foram-bearing nannofossil ooze alternating with foram-bearing nannofossil ooze","light gray (113-131,143-150cm), light olive gray (131-143cm), greenish laminae (120-125cm)","5y 7/1 (113-131cm), 5y 6/2 (131-143cm), 5y 7/2 (143-150cm)","minor (113-131cm) to moderate (131-150cm) bioturbation, chondrites (131-143cm), laminae (120-125cm)",,,,"forams, nannos",,,,H,-1.19783,-11.87850,0139.20,14032,14069
108,663,A,016,Hydraulic (Advanced) Piston Core,03,MAZ,000,,,128,,,"siliceous-bearing, foram-bearing nannofossil ooze alternating with foram-bearing nannofossil ooze","light gray (0-15cm), white w/ green, purple & black laminae at 10-45,70-90,122-125cm (15-128cm)","5y 7/2 (0-15cm), 5y 8/1 (15-128cm)","minor(0-10,15-30,45-70,90-122cm)-moderate(30-45cm)bioturbation,laminae(10-45,70-90,122-125cm),microfault(15-60,90-100cm)",,,,"forams, nannos",,,,H,-1.19783,-11.87850,0140.70,14069,14197
108,663,A,016,Hydraulic (Advanced) Piston Core,03,MAZ,128,,,150,,,"siliceous-bearing, foram-bearing nannofossil ooze alternating with foram-bearing nannofossil ooze","light bluish gray (128-137cm), white (137-150cm)","5b 7/1 (128-137cm), 5y 8/1 (137-150cm)",microfault (128-137cm),,,,"forams, nannos",,,,H,-1.19783,-11.87850,0140.70,14197,14219
108,663,A,016,Hydraulic (Advanced) Piston Core,04,MAZ,000,,,150,,,"siliceous-bearing, foraminifer-bearing nannofossil ooze and foraminifer-bearing nannofossil ooze","white (0-40,70-150m), light gray grading down to light greenish gray (40-70cm)","5y 8/1, 5y 7/1 grading down to 5g 7/1","minor bioturbation, laminae (15-35,45-65cm)",,,,"nannos, forams",,,,H,-1.19783,-11.87850,0142.20,14219,14369
108,663,A,016,Hydraulic (Advanced) Piston Core,05,MAZ,000,,,137,,,foram-bearing nannofossil ooze,"white with gray (15,28,60-75?cm) & green (35-45,50,60cm) & brown (55cm) laminae",5y 8/1,"laminae (15-75cm), minor bioturbation (0-55,80-134cm)",,,,"nannos, forams (esp, 115-122,132-137cm)","crs-grained with forams (115-122,132-137cm)",,,H,-1.19783,-11.87850,0143.70,14369,14506
108,663,A,016,Hydraulic (Advanced) Piston Core,05,MAZ,137,,,150,,,interstitial water sample,,,,,,,,,,,H,-1.19783,-11.87850,0143.70,14506,14519
108,663,A,016,Hydraulic (Advanced) Piston Core,06,MAZ,000,,,150,,,"foram-bearing nannofossil ooze w/ siliceous-bearing, foram-bearing nannofossil ooze at 135-140cm","white w/ light bluish gray at 58-61,105-106cm and light gray at 135-140cm",5y 8/1 w/ 5b 7/1 and 5y 7/1,minor bioturbation,,,,"nannos, forams (esp. 112-121cm)",more crs layer (112-121cm),,,H,-1.19783,-11.87850,0145.20,14519,14669
108,663,A,016,Hydraulic (Advanced) Piston Core,07,MAZ,000,,,015,,,"siliceous-bearing, foraminifer-bearing nannofossil ooze and/or foraminifer-bearing nannofossil ooze",light gray to white,5y 7/1 to 5y 8/1,minor bioturbation,,,,"nannos, forams",,,,H,-1.19783,-11.87850,0146.70,14669,14684
108,663,A,016,Hydraulic (Advanced) Piston Core,CC,MAZ,000,,,013,,,"siliceous-bearing, foraminifer-bearing nannofossil ooze and/or foraminifer-bearing nannofossil ooze",light gray to white,5y 7/1 to 5y 8/1,minor bioturbation,,,,"nannos, forams",,,,H,-1.19783,-11.87850,0146.86,14686,14699
